Car -1 -1 -1.256600 664 173 702 197 -1 -1 -1 -1000 -1000 -1000 -10 25.870550
Car -1 -1 -0.942500 435 181 565 240 -1 -1 -1 -1000 -1000 -1000 -10 25.613325
Car -1 -1 2.199100 36 194 177 257 -1 -1 -1 -1000 -1000 -1000 -10 16.258011
Car -1 -1 1.885000 319 161 416 220 -1 -1 -1 -1000 -1000 -1000 -10 12.871526
Car -1 -1 -1.256600 123 192 211 247 -1 -1 -1 -1000 -1000 -1000 -10 8.921084
Car -1 -1 1.570800 1172 153 1203 178 -1 -1 -1 -1000 -1000 -1000 -10 8.405403
Car -1 -1 -1.570800 724 159 758 188 -1 -1 -1 -1000 -1000 -1000 -10 6.784070
Car -1 -1 1.885000 1042 157 1081 181 -1 -1 -1 -1000 -1000 -1000 -10 3.254154
Car -1 -1 -1.256600 509 197 562 230 -1 -1 -1 -1000 -1000 -1000 -10 2.522539
Car -1 -1 1.885000 1105 155 1146 180 -1 -1 -1 -1000 -1000 -1000 -10 2.370286
Car -1 -1 1.885000 1135 154 1183 183 -1 -1 -1 -1000 -1000 -1000 -10 1.681297
