Car -1 -1 2.513300 169 173 285 214 -1 -1 -1 -1000 -1000 -1000 -10 21.608009
Car -1 -1 2.513300 117 181 205 212 -1 -1 -1 -1000 -1000 -1000 -10 19.116137
Car -1 -1 -2.827400 386 173 454 198 -1 -1 -1 -1000 -1000 -1000 -10 18.170475
Car -1 -1 2.827400 838 171 907 195 -1 -1 -1 -1000 -1000 -1000 -10 16.798338
Car -1 -1 -0.942500 1076 163 1129 187 -1 -1 -1 -1000 -1000 -1000 -10 13.599184
Car -1 -1 1.885000 280 173 319 197 -1 -1 -1 -1000 -1000 -1000 -10 6.063301
Car -1 -1 -2.199100 1019 164 1074 189 -1 -1 -1 -1000 -1000 -1000 -10 3.852866
Car -1 -1 1.256600 805 164 846 189 -1 -1 -1 -1000 -1000 -1000 -10 3.711147
Car -1 -1 -2.199100 1152 167 1205 191 -1 -1 -1 -1000 -1000 -1000 -10 2.266714
Car -1 -1 -0.314200 875 168 943 193 -1 -1 -1 -1000 -1000 -1000 -10 1.658464
