Car -1 -1 -1.256600 485 178 617 261 -1 -1 -1 -1000 -1000 -1000 -10 28.499468
Car -1 -1 1.885000 470 181 509 205 -1 -1 -1 -1000 -1000 -1000 -10 18.329458
Car -1 -1 -1.570800 724 166 758 195 -1 -1 -1 -1000 -1000 -1000 -10 17.475550
Car -1 -1 2.199100 341 184 426 222 -1 -1 -1 -1000 -1000 -1000 -10 15.822092
Car -1 -1 -1.570800 659 171 690 198 -1 -1 -1 -1000 -1000 -1000 -10 10.710484
Car -1 -1 0.628300 -13 194 164 257 -1 -1 -1 -1000 -1000 -1000 -10 10.184044
Car -1 -1 1.885000 1170 153 1211 178 -1 -1 -1 -1000 -1000 -1000 -10 8.176292
Car -1 -1 1.885000 1138 157 1177 181 -1 -1 -1 -1000 -1000 -1000 -10 3.822487
Car -1 -1 1.885000 1106 157 1145 181 -1 -1 -1 -1000 -1000 -1000 -10 3.614524
Car -1 -1 1.885000 1042 157 1081 181 -1 -1 -1 -1000 -1000 -1000 -10 2.804706
Car -1 -1 -1.570800 327 177 355 201 -1 -1 -1 -1000 -1000 -1000 -10 2.632618
