Car -1 -1 -1.570800 577 181 613 212 -1 -1 -1 -1000 -1000 -1000 -10 40.901802
Car -1 -1 -0.942500 71 177 295 279 -1 -1 -1 -1000 -1000 -1000 -10 34.210495
Car -1 -1 -1.570800 442 187 498 235 -1 -1 -1 -1000 -1000 -1000 -10 25.319088
Car -1 -1 -1.570800 487 186 523 217 -1 -1 -1 -1000 -1000 -1000 -10 18.086754
Car -1 -1 -1.256600 304 190 457 286 -1 -1 -1 -1000 -1000 -1000 -10 12.971189
Car -1 -1 -1.256600 271 170 352 221 -1 -1 -1 -1000 -1000 -1000 -10 10.931949
Car -1 -1 -1.570800 509 183 538 208 -1 -1 -1 -1000 -1000 -1000 -10 6.205756
Car -1 -1 1.885000 294 197 338 224 -1 -1 -1 -1000 -1000 -1000 -10 4.913051
Car -1 -1 -1.570800 288 205 317 230 -1 -1 -1 -1000 -1000 -1000 -10 3.868695
Car -1 -1 -1.570800 252 235 336 307 -1 -1 -1 -1000 -1000 -1000 -10 3.757184
Car -1 -1 -1.256600 91 218 179 273 -1 -1 -1 -1000 -1000 -1000 -10 1.572500
