Car -1 -1 1.885000 368 176 465 235 -1 -1 -1 -1000 -1000 -1000 -10 35.289238
Car -1 -1 1.570800 551 175 582 200 -1 -1 -1 -1000 -1000 -1000 -10 22.751137
Car -1 -1 -1.885000 721 180 895 289 -1 -1 -1 -1000 -1000 -1000 -10 22.093018
Car -1 -1 2.199100 214 200 389 278 -1 -1 -1 -1000 -1000 -1000 -10 18.352467
Car -1 -1 1.570800 518 179 548 203 -1 -1 -1 -1000 -1000 -1000 -10 14.390084
Car -1 -1 1.885000 420 181 492 225 -1 -1 -1 -1000 -1000 -1000 -10 8.072675
Car -1 -1 -1.256600 269 243 334 284 -1 -1 -1 -1000 -1000 -1000 -10 7.730574
Car -1 -1 1.885000 76 214 270 332 -1 -1 -1 -1000 -1000 -1000 -10 6.000267
Car -1 -1 1.256600 670 166 711 191 -1 -1 -1 -1000 -1000 -1000 -10 4.601594
Car -1 -1 -1.570800 482 181 518 212 -1 -1 -1 -1000 -1000 -1000 -10 1.335117
