Car -1 -1 2.199100 147 188 288 251 -1 -1 -1 -1000 -1000 -1000 -10 39.588570
Car -1 -1 -0.942500 698 170 810 221 -1 -1 -1 -1000 -1000 -1000 -10 30.365606
Car -1 -1 1.885000 464 175 503 199 -1 -1 -1 -1000 -1000 -1000 -10 27.718067
Car -1 -1 -1.570800 573 167 731 303 -1 -1 -1 -1000 -1000 -1000 -10 22.973139
Car -1 -1 1.885000 413 173 464 204 -1 -1 -1 -1000 -1000 -1000 -10 21.976488
Car -1 -1 1.885000 268 180 322 213 -1 -1 -1 -1000 -1000 -1000 -10 16.770500
Car -1 -1 1.885000 384 178 435 209 -1 -1 -1 -1000 -1000 -1000 -10 12.680123
Car -1 -1 -0.942500 -15 178 212 281 -1 -1 -1 -1000 -1000 -1000 -10 11.812671
Car -1 -1 -1.256600 883 166 1209 370 -1 -1 -1 -1000 -1000 -1000 -10 7.727590
Car -1 -1 -1.570800 706 171 750 209 -1 -1 -1 -1000 -1000 -1000 -10 5.215801
Car -1 -1 -1.256600 184 217 237 250 -1 -1 -1 -1000 -1000 -1000 -10 2.387747
Car -1 -1 -0.314200 249 174 376 221 -1 -1 -1 -1000 -1000 -1000 -10 0.576631
