Car -1 -1 2.513300 126 174 250 218 -1 -1 -1 -1000 -1000 -1000 -10 25.202536
Car -1 -1 2.513300 73 186 166 219 -1 -1 -1 -1000 -1000 -1000 -10 19.411610
Car -1 -1 1.885000 265 173 306 198 -1 -1 -1 -1000 -1000 -1000 -10 9.519211
Car -1 -1 2.827400 817 170 889 195 -1 -1 -1 -1000 -1000 -1000 -10 7.278653
Car -1 -1 1.256600 1011 162 1055 189 -1 -1 -1 -1000 -1000 -1000 -10 7.206223
Car -1 -1 -2.827400 366 174 439 201 -1 -1 -1 -1000 -1000 -1000 -10 7.052833
Car -1 -1 -2.199100 1156 167 1209 191 -1 -1 -1 -1000 -1000 -1000 -10 5.768522
Car -1 -1 1.256600 807 164 848 189 -1 -1 -1 -1000 -1000 -1000 -10 4.100443
Car -1 -1 -1.885000 878 167 916 191 -1 -1 -1 -1000 -1000 -1000 -10 3.602593
Car -1 -1 2.199100 341 175 397 200 -1 -1 -1 -1000 -1000 -1000 -10 2.645088
