Car -1 -1 -0.942500 698 170 795 214 -1 -1 -1 -1000 -1000 -1000 -10 37.321720
Car -1 -1 2.199100 177 186 309 245 -1 -1 -1 -1000 -1000 -1000 -10 36.068565
Car -1 -1 1.885000 466 175 505 199 -1 -1 -1 -1000 -1000 -1000 -10 30.782471
Car -1 -1 -1.256600 859 163 1124 329 -1 -1 -1 -1000 -1000 -1000 -10 24.577391
Car -1 -1 -1.570800 577 175 714 293 -1 -1 -1 -1000 -1000 -1000 -10 22.538553
Car -1 -1 1.885000 416 173 467 204 -1 -1 -1 -1000 -1000 -1000 -10 18.926144
Car -1 -1 1.885000 390 181 438 210 -1 -1 -1 -1000 -1000 -1000 -10 15.378059
Car -1 -1 2.199100 274 177 348 210 -1 -1 -1 -1000 -1000 -1000 -10 13.716248
Car -1 -1 -1.256600 52 178 196 268 -1 -1 -1 -1000 -1000 -1000 -10 10.720590
Car -1 -1 -1.570800 704 174 742 207 -1 -1 -1 -1000 -1000 -1000 -10 6.824614
Car -1 -1 -1.570800 676 174 707 201 -1 -1 -1 -1000 -1000 -1000 -10 5.795102
Car -1 -1 1.885000 206 214 260 247 -1 -1 -1 -1000 -1000 -1000 -10 4.617580
Car -1 -1 -1.570800 253 202 295 238 -1 -1 -1 -1000 -1000 -1000 -10 0.783474
