Car -1 -1 -1.570800 638 170 674 201 -1 -1 -1 -1000 -1000 -1000 -10 38.671894
Car -1 -1 -1.885000 793 201 1010 337 -1 -1 -1 -1000 -1000 -1000 -10 14.886608
Car -1 -1 -1.885000 773 173 888 245 -1 -1 -1 -1000 -1000 -1000 -10 9.497573
Car -1 -1 -1.885000 408 169 496 224 -1 -1 -1 -1000 -1000 -1000 -10 6.131857
Car -1 -1 -0.314200 840 165 1159 283 -1 -1 -1 -1000 -1000 -1000 -10 5.140928
Car -1 -1 -1.885000 874 171 1006 254 -1 -1 -1 -1000 -1000 -1000 -10 3.385872
Car -1 -1 1.885000 700 167 804 230 -1 -1 -1 -1000 -1000 -1000 -10 1.561006
Car -1 -1 1.256600 85 164 340 319 -1 -1 -1 -1000 -1000 -1000 -10 0.962493
Car -1 -1 0.942500 209 170 411 260 -1 -1 -1 -1000 -1000 -1000 -10 0.792749
Car -1 -1 -1.570800 528 168 557 193 -1 -1 -1 -1000 -1000 -1000 -10 0.509674
