Car -1 -1 -1.256600 485 178 617 261 -1 -1 -1 -1000 -1000 -1000 -10 28.773577
Car -1 -1 1.885000 470 181 509 205 -1 -1 -1 -1000 -1000 -1000 -10 25.460007
Car -1 -1 -1.570800 724 166 758 195 -1 -1 -1 -1000 -1000 -1000 -10 25.191065
Car -1 -1 2.199100 341 184 426 222 -1 -1 -1 -1000 -1000 -1000 -10 23.653385
Car -1 -1 1.885000 1170 153 1211 178 -1 -1 -1 -1000 -1000 -1000 -10 15.582895
Car -1 -1 -1.570800 661 170 690 195 -1 -1 -1 -1000 -1000 -1000 -10 11.287826
Car -1 -1 0.628300 -13 194 164 257 -1 -1 -1 -1000 -1000 -1000 -10 5.426948
Car -1 -1 1.885000 1042 157 1081 181 -1 -1 -1 -1000 -1000 -1000 -10 5.137095
Car -1 -1 1.885000 1137 155 1178 180 -1 -1 -1 -1000 -1000 -1000 -10 5.097860
Car -1 -1 1.885000 1106 157 1145 181 -1 -1 -1 -1000 -1000 -1000 -10 5.065117
Car -1 -1 -1.570800 327 177 355 201 -1 -1 -1 -1000 -1000 -1000 -10 4.011728
