Car -1 -1 -1.256600 311 190 418 257 -1 -1 -1 -1000 -1000 -1000 -10 31.320473
Car -1 -1 -1.885000 658 177 821 279 -1 -1 -1 -1000 -1000 -1000 -10 26.645601
Car -1 -1 -1.570800 462 183 493 210 -1 -1 -1 -1000 -1000 -1000 -10 26.242828
Car -1 -1 -1.570800 538 180 586 221 -1 -1 -1 -1000 -1000 -1000 -10 23.715111
Car -1 -1 -1.256600 387 188 468 239 -1 -1 -1 -1000 -1000 -1000 -10 21.839603
Car -1 -1 -1.256600 167 165 299 248 -1 -1 -1 -1000 -1000 -1000 -10 7.197391
Car -1 -1 1.885000 350 174 414 213 -1 -1 -1 -1000 -1000 -1000 -10 4.406963
Car -1 -1 1.256600 34 191 289 346 -1 -1 -1 -1000 -1000 -1000 -10 4.090722
Car -1 -1 1.885000 183 279 262 327 -1 -1 -1 -1000 -1000 -1000 -10 2.973505
Car -1 -1 -1.256600 424 184 481 220 -1 -1 -1 -1000 -1000 -1000 -10 2.433533
Car -1 -1 -1.256600 56 275 96 300 -1 -1 -1 -1000 -1000 -1000 -10 1.448417
