Car -1 -1 2.199100 -12 201 293 337 -1 -1 -1 -1000 -1000 -1000 -10 43.224651
Car -1 -1 1.885000 378 176 475 235 -1 -1 -1 -1000 -1000 -1000 -10 30.034277
Car -1 -1 1.885000 263 198 381 270 -1 -1 -1 -1000 -1000 -1000 -10 20.818836
Car -1 -1 -1.885000 707 178 871 281 -1 -1 -1 -1000 -1000 -1000 -10 20.091911
Car -1 -1 1.570800 553 175 584 200 -1 -1 -1 -1000 -1000 -1000 -10 19.678894
Car -1 -1 -1.570800 486 181 520 210 -1 -1 -1 -1000 -1000 -1000 -10 14.416371
Car -1 -1 -1.256600 290 236 355 277 -1 -1 -1 -1000 -1000 -1000 -10 6.553671
Car -1 -1 1.570800 522 179 552 203 -1 -1 -1 -1000 -1000 -1000 -10 5.018442
Car -1 -1 1.885000 432 180 499 221 -1 -1 -1 -1000 -1000 -1000 -10 4.592556
Car -1 -1 1.885000 153 239 281 317 -1 -1 -1 -1000 -1000 -1000 -10 1.281054
