Car -1 -1 -1.570800 577 181 613 212 -1 -1 -1 -1000 -1000 -1000 -10 44.455128
Car -1 -1 -0.942500 62 177 286 279 -1 -1 -1 -1000 -1000 -1000 -10 32.786453
Car -1 -1 -1.570800 442 187 498 235 -1 -1 -1 -1000 -1000 -1000 -10 27.997456
Car -1 -1 -1.570800 483 183 521 216 -1 -1 -1 -1000 -1000 -1000 -10 23.397430
Car -1 -1 -1.256600 313 193 445 276 -1 -1 -1 -1000 -1000 -1000 -10 11.841981
Car -1 -1 -1.570800 509 183 538 208 -1 -1 -1 -1000 -1000 -1000 -10 8.322770
Car -1 -1 -1.256600 271 170 352 221 -1 -1 -1 -1000 -1000 -1000 -10 7.100527
Car -1 -1 1.885000 300 197 339 221 -1 -1 -1 -1000 -1000 -1000 -10 5.748252
Car -1 -1 -1.570800 288 205 317 230 -1 -1 -1 -1000 -1000 -1000 -10 3.591259
Car -1 -1 -1.256600 89 184 190 247 -1 -1 -1 -1000 -1000 -1000 -10 2.812566
