Car -1 -1 1.256600 784 159 832 188 -1 -1 -1 -1000 -1000 -1000 -10 18.425167
Car -1 -1 -2.199100 852 163 905 187 -1 -1 -1 -1000 -1000 -1000 -10 17.504620
Car -1 -1 -1.885000 820 163 858 187 -1 -1 -1 -1000 -1000 -1000 -10 17.414885
Car -1 -1 2.827400 697 168 769 193 -1 -1 -1 -1000 -1000 -1000 -10 16.678152
Car -1 -1 2.827400 195 169 298 205 -1 -1 -1 -1000 -1000 -1000 -10 14.834768
Car -1 -1 -2.513300 1061 159 1125 183 -1 -1 -1 -1000 -1000 -1000 -10 6.161795
Car -1 -1 1.256600 1000 156 1048 185 -1 -1 -1 -1000 -1000 -1000 -10 5.545847
Car -1 -1 1.885000 176 167 220 194 -1 -1 -1 -1000 -1000 -1000 -10 3.850037
Car -1 -1 -0.942500 1152 163 1205 187 -1 -1 -1 -1000 -1000 -1000 -10 1.434261
Car -1 -1 -0.942500 1024 161 1077 185 -1 -1 -1 -1000 -1000 -1000 -10 1.413488
