Car -1 -1 2.199100 177 186 309 245 -1 -1 -1 -1000 -1000 -1000 -10 40.716980
Car -1 -1 -0.942500 698 170 795 214 -1 -1 -1 -1000 -1000 -1000 -10 38.051735
Car -1 -1 1.885000 466 175 505 199 -1 -1 -1 -1000 -1000 -1000 -10 34.101959
Car -1 -1 -1.256600 837 161 1123 340 -1 -1 -1 -1000 -1000 -1000 -10 24.361055
Car -1 -1 1.885000 387 178 438 209 -1 -1 -1 -1000 -1000 -1000 -10 22.090761
Car -1 -1 -1.570800 577 175 714 293 -1 -1 -1 -1000 -1000 -1000 -10 21.988438
Car -1 -1 1.885000 416 173 467 204 -1 -1 -1 -1000 -1000 -1000 -10 21.808260
Car -1 -1 1.885000 284 178 335 209 -1 -1 -1 -1000 -1000 -1000 -10 17.243698
Car -1 -1 -1.570800 676 174 707 201 -1 -1 -1 -1000 -1000 -1000 -10 8.577821
Car -1 -1 -1.256600 44 178 188 268 -1 -1 -1 -1000 -1000 -1000 -10 8.164286
Car -1 -1 -1.570800 701 174 739 207 -1 -1 -1 -1000 -1000 -1000 -10 6.305436
