Car -1 -1 2.199100 147 188 288 251 -1 -1 -1 -1000 -1000 -1000 -10 45.321491
Car -1 -1 1.885000 464 175 503 199 -1 -1 -1 -1000 -1000 -1000 -10 33.399963
Car -1 -1 -0.942500 707 170 810 217 -1 -1 -1 -1000 -1000 -1000 -10 29.621334
Car -1 -1 1.885000 410 174 464 207 -1 -1 -1 -1000 -1000 -1000 -10 25.823166
Car -1 -1 -1.570800 576 176 723 302 -1 -1 -1 -1000 -1000 -1000 -10 23.216095
Car -1 -1 1.885000 268 180 322 213 -1 -1 -1 -1000 -1000 -1000 -10 19.679699
Car -1 -1 1.885000 379 180 433 213 -1 -1 -1 -1000 -1000 -1000 -10 19.360767
Car -1 -1 -0.942500 -15 178 212 281 -1 -1 -1 -1000 -1000 -1000 -10 10.994539
Car -1 -1 -1.570800 893 166 1130 370 -1 -1 -1 -1000 -1000 -1000 -10 8.344097
Car -1 -1 -2.827400 217 174 344 221 -1 -1 -1 -1000 -1000 -1000 -10 2.187573
