Car -1 -1 2.513300 126 174 250 218 -1 -1 -1 -1000 -1000 -1000 -10 25.191744
Car -1 -1 2.513300 73 186 166 219 -1 -1 -1 -1000 -1000 -1000 -10 20.185768
Car -1 -1 -0.942500 389 175 444 200 -1 -1 -1 -1000 -1000 -1000 -10 10.530545
Car -1 -1 1.885000 265 173 306 198 -1 -1 -1 -1000 -1000 -1000 -10 9.827492
Car -1 -1 1.256600 1011 162 1055 189 -1 -1 -1 -1000 -1000 -1000 -10 8.704567
Car -1 -1 -1.885000 1166 167 1204 191 -1 -1 -1 -1000 -1000 -1000 -10 5.063005
Car -1 -1 -1.885000 878 167 916 191 -1 -1 -1 -1000 -1000 -1000 -10 4.701684
Car -1 -1 -0.942500 348 175 403 200 -1 -1 -1 -1000 -1000 -1000 -10 3.049873
Car -1 -1 -2.199100 1192 167 1245 191 -1 -1 -1 -1000 -1000 -1000 -10 2.979468
Car -1 -1 2.827400 817 170 889 195 -1 -1 -1 -1000 -1000 -1000 -10 2.806623
