Car -1 -1 1.885000 371 192 462 247 -1 -1 -1 -1000 -1000 -1000 -10 43.634125
Car -1 -1 1.885000 232 200 360 278 -1 -1 -1 -1000 -1000 -1000 -10 38.226135
Car -1 -1 1.885000 512 179 551 203 -1 -1 -1 -1000 -1000 -1000 -10 15.527065
Car -1 -1 1.885000 474 184 525 215 -1 -1 -1 -1000 -1000 -1000 -10 13.726686
Car -1 -1 -1.570800 645 177 673 201 -1 -1 -1 -1000 -1000 -1000 -10 13.696478
Car -1 -1 2.199100 -34 213 271 349 -1 -1 -1 -1000 -1000 -1000 -10 6.097736
Car -1 -1 -1.570800 664 180 702 213 -1 -1 -1 -1000 -1000 -1000 -10 5.573399
Car -1 -1 -1.885000 665 172 766 235 -1 -1 -1 -1000 -1000 -1000 -10 2.356784
Car -1 -1 -1.570800 734 173 818 245 -1 -1 -1 -1000 -1000 -1000 -10 2.086878
Car -1 -1 2.827400 905 141 1177 236 -1 -1 -1 -1000 -1000 -1000 -10 1.690897
