Car -1 -1 1.885000 476 186 524 215 -1 -1 -1 -1000 -1000 -1000 -10 41.210396
Car -1 -1 1.885000 343 190 406 228 -1 -1 -1 -1000 -1000 -1000 -10 36.922459
Car -1 -1 -0.942500 724 172 863 235 -1 -1 -1 -1000 -1000 -1000 -10 29.386171
Car -1 -1 -1.570800 592 185 689 268 -1 -1 -1 -1000 -1000 -1000 -10 27.234112
Car -1 -1 1.885000 382 181 445 219 -1 -1 -1 -1000 -1000 -1000 -10 26.946062
Car -1 -1 1.885000 208 185 280 229 -1 -1 -1 -1000 -1000 -1000 -10 17.616978
Car -1 -1 1.885000 542 179 583 204 -1 -1 -1 -1000 -1000 -1000 -10 15.717488
Car -1 -1 1.885000 7 204 201 322 -1 -1 -1 -1000 -1000 -1000 -10 11.163580
Car -1 -1 -1.570800 668 181 702 210 -1 -1 -1 -1000 -1000 -1000 -10 10.815376
Car -1 -1 -1.570800 383 199 411 223 -1 -1 -1 -1000 -1000 -1000 -10 9.266821
Car -1 -1 -1.570800 735 178 790 225 -1 -1 -1 -1000 -1000 -1000 -10 7.030221
Car -1 -1 -1.570800 695 181 723 205 -1 -1 -1 -1000 -1000 -1000 -10 3.771004
Car -1 -1 -1.570800 163 185 300 303 -1 -1 -1 -1000 -1000 -1000 -10 1.671591
