Car -1 -1 -1.570800 573 174 611 207 -1 -1 -1 -1000 -1000 -1000 -10 41.153744
Car -1 -1 -1.256600 428 183 505 231 -1 -1 -1 -1000 -1000 -1000 -10 39.080559
Car -1 -1 -1.256600 297 184 439 273 -1 -1 -1 -1000 -1000 -1000 -10 29.197298
Car -1 -1 -0.942500 19 177 243 279 -1 -1 -1 -1000 -1000 -1000 -10 8.656687
Car -1 -1 -1.570800 435 171 480 210 -1 -1 -1 -1000 -1000 -1000 -10 8.133242
Car -1 -1 -0.942500 177 178 274 222 -1 -1 -1 -1000 -1000 -1000 -10 5.268277
Car -1 -1 -1.885000 260 199 303 226 -1 -1 -1 -1000 -1000 -1000 -10 3.172674
Car -1 -1 -1.570800 269 188 328 239 -1 -1 -1 -1000 -1000 -1000 -10 3.051418
Car -1 -1 1.256600 144 184 203 220 -1 -1 -1 -1000 -1000 -1000 -10 2.554660
Car -1 -1 -1.256600 42 178 143 241 -1 -1 -1 -1000 -1000 -1000 -10 2.494552
