Car -1 -1 1.885000 325 179 435 246 -1 -1 -1 -1000 -1000 -1000 -10 46.452408
Car -1 -1 1.885000 492 178 543 209 -1 -1 -1 -1000 -1000 -1000 -10 37.208607
Car -1 -1 -1.570800 589 178 662 241 -1 -1 -1 -1000 -1000 -1000 -10 20.896070
Car -1 -1 1.885000 155 179 273 251 -1 -1 -1 -1000 -1000 -1000 -10 19.664013
Car -1 -1 -0.942500 700 178 821 233 -1 -1 -1 -1000 -1000 -1000 -10 18.288383
Car -1 -1 -0.942500 758 178 941 261 -1 -1 -1 -1000 -1000 -1000 -10 11.474840
Car -1 -1 2.199100 -21 199 165 282 -1 -1 -1 -1000 -1000 -1000 -10 9.734085
Car -1 -1 -1.570800 780 199 853 262 -1 -1 -1 -1000 -1000 -1000 -10 7.052114
Car -1 -1 1.570800 851 201 919 256 -1 -1 -1 -1000 -1000 -1000 -10 6.705003
Car -1 -1 -1.570800 337 204 385 245 -1 -1 -1 -1000 -1000 -1000 -10 4.070601
