Car -1 -1 1.885000 226 199 363 282 -1 -1 -1 -1000 -1000 -1000 -10 32.756935
Car -1 -1 1.885000 341 188 445 251 -1 -1 -1 -1000 -1000 -1000 -10 24.590260
Car -1 -1 1.885000 499 181 540 206 -1 -1 -1 -1000 -1000 -1000 -10 23.754301
Car -1 -1 -1.570800 653 177 691 210 -1 -1 -1 -1000 -1000 -1000 -10 20.653446
Car -1 -1 1.256600 676 182 753 229 -1 -1 -1 -1000 -1000 -1000 -10 20.410677
Car -1 -1 -1.885000 719 178 863 268 -1 -1 -1 -1000 -1000 -1000 -10 19.371773
Car -1 -1 -1.885000 807 176 1093 355 -1 -1 -1 -1000 -1000 -1000 -10 12.637584
Car -1 -1 1.885000 438 187 501 225 -1 -1 -1 -1000 -1000 -1000 -10 9.768786
Car -1 -1 1.885000 560 175 599 199 -1 -1 -1 -1000 -1000 -1000 -10 4.708188
Car -1 -1 1.256600 62 178 139 225 -1 -1 -1 -1000 -1000 -1000 -10 3.465414
