Car -1 -1 -1.885000 748 190 965 326 -1 -1 -1 -1000 -1000 -1000 -10 39.450188
Car -1 -1 1.885000 267 178 491 314 -1 -1 -1 -1000 -1000 -1000 -10 27.485165
Car -1 -1 -1.570800 649 177 677 201 -1 -1 -1 -1000 -1000 -1000 -10 22.462042
Car -1 -1 1.256600 686 192 804 264 -1 -1 -1 -1000 -1000 -1000 -10 11.344100
Car -1 -1 0.942500 1166 330 1247 366 -1 -1 -1 -1000 -1000 -1000 -10 10.950856
Car -1 -1 1.570800 523 177 564 210 -1 -1 -1 -1000 -1000 -1000 -10 9.395514
Car -1 -1 1.256600 662 183 716 216 -1 -1 -1 -1000 -1000 -1000 -10 5.431635
Car -1 -1 1.570800 493 178 547 222 -1 -1 -1 -1000 -1000 -1000 -10 4.853654
Car -1 -1 1.256600 630 163 689 199 -1 -1 -1 -1000 -1000 -1000 -10 1.096426
Car -1 -1 -1.570800 712 230 754 266 -1 -1 -1 -1000 -1000 -1000 -10 0.621790
Car -1 -1 -1.570800 307 229 418 324 -1 -1 -1 -1000 -1000 -1000 -10 0.398493
