Car -1 -1 -1.885000 658 177 821 279 -1 -1 -1 -1000 -1000 -1000 -10 23.795971
Car -1 -1 -1.570800 538 180 586 221 -1 -1 -1 -1000 -1000 -1000 -10 22.109077
Car -1 -1 -1.570800 462 183 493 210 -1 -1 -1 -1000 -1000 -1000 -10 20.363560
Car -1 -1 -1.256600 298 186 421 263 -1 -1 -1 -1000 -1000 -1000 -10 20.220005
Car -1 -1 -1.256600 388 187 465 235 -1 -1 -1 -1000 -1000 -1000 -10 12.636146
Car -1 -1 -1.256600 167 165 299 248 -1 -1 -1 -1000 -1000 -1000 -10 10.388700
Car -1 -1 1.885000 179 278 263 329 -1 -1 -1 -1000 -1000 -1000 -10 4.422733
Car -1 -1 1.256600 22 191 297 358 -1 -1 -1 -1000 -1000 -1000 -10 4.212646
Car -1 -1 -1.256600 56 275 96 300 -1 -1 -1 -1000 -1000 -1000 -10 3.165525
Car -1 -1 1.885000 351 173 418 214 -1 -1 -1 -1000 -1000 -1000 -10 1.667845
