Car -1 -1 -1.570800 635 178 671 209 -1 -1 -1 -1000 -1000 -1000 -10 24.456017
Car -1 -1 -2.199100 758 174 870 225 -1 -1 -1 -1000 -1000 -1000 -10 20.467413
Car -1 -1 -2.827400 63 178 341 281 -1 -1 -1 -1000 -1000 -1000 -10 17.124929
Car -1 -1 -1.570800 609 174 640 201 -1 -1 -1 -1000 -1000 -1000 -10 15.003741
Car -1 -1 -0.314200 426 174 545 218 -1 -1 -1 -1000 -1000 -1000 -10 5.711708
Car -1 -1 1.256600 474 173 525 204 -1 -1 -1 -1000 -1000 -1000 -10 3.906225
Car -1 -1 -1.256600 443 176 492 207 -1 -1 -1 -1000 -1000 -1000 -10 3.246009
Car -1 -1 -1.256600 312 157 444 240 -1 -1 -1 -1000 -1000 -1000 -10 3.034176
Car -1 -1 1.885000 233 164 324 219 -1 -1 -1 -1000 -1000 -1000 -10 2.686952
Car -1 -1 1.256600 256 215 347 270 -1 -1 -1 -1000 -1000 -1000 -10 2.211724
Car -1 -1 2.827400 146 191 229 220 -1 -1 -1 -1000 -1000 -1000 -10 0.412441
