Car -1 -1 -1.256600 494 180 618 258 -1 -1 -1 -1000 -1000 -1000 -10 29.615597
Car -1 -1 -1.570800 722 165 758 196 -1 -1 -1 -1000 -1000 -1000 -10 19.164717
Car -1 -1 1.885000 470 181 509 205 -1 -1 -1 -1000 -1000 -1000 -10 18.329458
Car -1 -1 2.199100 341 184 426 222 -1 -1 -1 -1000 -1000 -1000 -10 17.631981
Car -1 -1 -1.570800 660 171 694 200 -1 -1 -1 -1000 -1000 -1000 -10 11.622784
Car -1 -1 0.628300 -24 190 164 257 -1 -1 -1 -1000 -1000 -1000 -10 10.774874
Car -1 -1 1.570800 1172 153 1203 178 -1 -1 -1 -1000 -1000 -1000 -10 7.516169
Car -1 -1 1.885000 1138 157 1177 181 -1 -1 -1 -1000 -1000 -1000 -10 3.822487
Car -1 -1 1.885000 1106 157 1145 181 -1 -1 -1 -1000 -1000 -1000 -10 3.614524
Car -1 -1 1.885000 1042 157 1081 181 -1 -1 -1 -1000 -1000 -1000 -10 2.804706
Car -1 -1 -1.570800 327 177 355 201 -1 -1 -1 -1000 -1000 -1000 -10 2.632618
