Car -1 -1 1.885000 540 174 584 201 -1 -1 -1 -1000 -1000 -1000 -10 36.059441
Car -1 -1 -0.942500 753 173 962 268 -1 -1 -1 -1000 -1000 -1000 -10 33.067554
Car -1 -1 2.199100 239 182 362 237 -1 -1 -1 -1000 -1000 -1000 -10 22.736050
Car -1 -1 -1.570800 595 173 673 240 -1 -1 -1 -1000 -1000 -1000 -10 20.129429
Car -1 -1 1.885000 325 184 435 251 -1 -1 -1 -1000 -1000 -1000 -10 13.760359
Car -1 -1 1.885000 424 180 478 213 -1 -1 -1 -1000 -1000 -1000 -10 8.671598
Car -1 -1 -1.570800 317 213 361 251 -1 -1 -1 -1000 -1000 -1000 -10 3.894661
Car -1 -1 -1.256600 641 173 681 198 -1 -1 -1 -1000 -1000 -1000 -10 2.593315
Car -1 -1 1.256600 161 188 209 217 -1 -1 -1 -1000 -1000 -1000 -10 2.556818
Car -1 -1 -1.570800 456 178 490 207 -1 -1 -1 -1000 -1000 -1000 -10 1.255889
