Car -1 -1 1.885000 368 176 465 235 -1 -1 -1 -1000 -1000 -1000 -10 32.194187
Car -1 -1 -1.885000 721 180 895 289 -1 -1 -1 -1000 -1000 -1000 -10 22.683113
Car -1 -1 1.570800 552 177 582 201 -1 -1 -1 -1000 -1000 -1000 -10 22.328537
Car -1 -1 1.885000 226 199 363 282 -1 -1 -1 -1000 -1000 -1000 -10 22.064678
Car -1 -1 1.570800 518 179 548 203 -1 -1 -1 -1000 -1000 -1000 -10 14.390084
Car -1 -1 1.885000 420 181 492 225 -1 -1 -1 -1000 -1000 -1000 -10 9.963841
Car -1 -1 -1.256600 269 243 334 284 -1 -1 -1 -1000 -1000 -1000 -10 7.992104
Car -1 -1 1.885000 79 217 258 326 -1 -1 -1 -1000 -1000 -1000 -10 6.825526
Car -1 -1 1.256600 670 166 711 191 -1 -1 -1 -1000 -1000 -1000 -10 5.808713
Car -1 -1 -1.570800 488 181 517 206 -1 -1 -1 -1000 -1000 -1000 -10 3.966305
