Car -1 -1 -1.885000 812 163 850 187 -1 -1 -1 -1000 -1000 -1000 -10 19.407347
Car -1 -1 1.256600 775 157 826 188 -1 -1 -1 -1000 -1000 -1000 -10 12.922852
Car -1 -1 -2.199100 844 163 897 187 -1 -1 -1 -1000 -1000 -1000 -10 12.824789
Car -1 -1 -2.827400 163 168 266 206 -1 -1 -1 -1000 -1000 -1000 -10 12.008932
Car -1 -1 2.827400 663 167 740 194 -1 -1 -1 -1000 -1000 -1000 -10 10.113299
Car -1 -1 1.256600 993 156 1041 185 -1 -1 -1 -1000 -1000 -1000 -10 8.681335
Car -1 -1 -2.513300 1051 159 1115 183 -1 -1 -1 -1000 -1000 -1000 -10 7.809085
Car -1 -1 -2.199100 1176 163 1229 187 -1 -1 -1 -1000 -1000 -1000 -10 6.687832
Car -1 -1 1.885000 970 125 1074 188 -1 -1 -1 -1000 -1000 -1000 -10 3.601519
Car -1 -1 0.314200 845 151 954 189 -1 -1 -1 -1000 -1000 -1000 -10 1.780199
Car -1 -1 -1.885000 1152 163 1190 187 -1 -1 -1 -1000 -1000 -1000 -10 0.946261
