Car -1 -1 2.827400 691 167 768 194 -1 -1 -1 -1000 -1000 -1000 -10 21.458817
Car -1 -1 -1.885000 820 163 858 187 -1 -1 -1 -1000 -1000 -1000 -10 20.095352
Car -1 -1 1.256600 784 159 832 188 -1 -1 -1 -1000 -1000 -1000 -10 17.757339
Car -1 -1 2.827400 192 169 295 205 -1 -1 -1 -1000 -1000 -1000 -10 16.226313
Car -1 -1 -2.199100 852 163 905 187 -1 -1 -1 -1000 -1000 -1000 -10 13.863229
Car -1 -1 -2.199100 971 154 1044 187 -1 -1 -1 -1000 -1000 -1000 -10 6.566800
Car -1 -1 1.885000 174 167 218 194 -1 -1 -1 -1000 -1000 -1000 -10 6.303282
Car -1 -1 -2.513300 1061 159 1125 183 -1 -1 -1 -1000 -1000 -1000 -10 5.808060
Car -1 -1 -2.199100 1184 163 1237 187 -1 -1 -1 -1000 -1000 -1000 -10 3.485886
Car -1 -1 -2.199100 1015 160 1070 185 -1 -1 -1 -1000 -1000 -1000 -10 2.686558
Car -1 -1 1.885000 990 127 1087 186 -1 -1 -1 -1000 -1000 -1000 -10 2.351414
