Car -1 -1 2.199100 147 188 288 251 -1 -1 -1 -1000 -1000 -1000 -10 35.679722
Car -1 -1 1.885000 464 175 503 199 -1 -1 -1 -1000 -1000 -1000 -10 27.718067
Car -1 -1 -0.942500 698 170 810 221 -1 -1 -1 -1000 -1000 -1000 -10 27.698757
Car -1 -1 1.885000 405 172 464 208 -1 -1 -1 -1000 -1000 -1000 -10 22.774984
Car -1 -1 -1.570800 573 167 731 303 -1 -1 -1 -1000 -1000 -1000 -10 22.067657
Car -1 -1 1.885000 379 180 433 213 -1 -1 -1 -1000 -1000 -1000 -10 19.137512
Car -1 -1 1.885000 266 178 325 214 -1 -1 -1 -1000 -1000 -1000 -10 16.422867
Car -1 -1 -0.942500 -15 178 212 281 -1 -1 -1 -1000 -1000 -1000 -10 11.037245
Car -1 -1 -1.570800 706 171 750 209 -1 -1 -1 -1000 -1000 -1000 -10 6.263384
Car -1 -1 -1.570800 899 171 1121 362 -1 -1 -1 -1000 -1000 -1000 -10 3.301691
Car -1 -1 1.256600 743 170 794 201 -1 -1 -1 -1000 -1000 -1000 -10 2.452283
Car -1 -1 -1.256600 184 217 237 250 -1 -1 -1 -1000 -1000 -1000 -10 2.412547
