Car -1 -1 1.885000 366 192 457 247 -1 -1 -1 -1000 -1000 -1000 -10 37.588894
Car -1 -1 1.885000 226 199 363 282 -1 -1 -1 -1000 -1000 -1000 -10 35.255955
Car -1 -1 1.885000 512 179 551 203 -1 -1 -1 -1000 -1000 -1000 -10 13.855527
Car -1 -1 -1.570800 645 177 673 201 -1 -1 -1 -1000 -1000 -1000 -10 12.541117
Car -1 -1 1.885000 474 184 525 215 -1 -1 -1 -1000 -1000 -1000 -10 9.448797
Car -1 -1 -1.570800 663 178 705 214 -1 -1 -1 -1000 -1000 -1000 -10 7.726449
Car -1 -1 -0.942500 645 173 792 240 -1 -1 -1 -1000 -1000 -1000 -10 5.574352
Car -1 -1 2.513300 929 148 1149 226 -1 -1 -1 -1000 -1000 -1000 -10 4.492459
Car -1 -1 1.885000 424 185 496 229 -1 -1 -1 -1000 -1000 -1000 -10 2.007152
Car -1 -1 1.570800 329 229 376 267 -1 -1 -1 -1000 -1000 -1000 -10 0.144085
