Car -1 -1 -1.570800 595 187 659 242 -1 -1 -1 -1000 -1000 -1000 -10 30.699768
Car -1 -1 -1.885000 785 196 949 299 -1 -1 -1 -1000 -1000 -1000 -10 30.550554
Car -1 -1 -1.885000 719 179 834 251 -1 -1 -1 -1000 -1000 -1000 -10 21.767010
Car -1 -1 -2.199100 358 179 516 251 -1 -1 -1 -1000 -1000 -1000 -10 13.440790
Car -1 -1 -0.314200 253 176 412 235 -1 -1 -1 -1000 -1000 -1000 -10 6.285237
Car -1 -1 -2.199100 105 178 404 314 -1 -1 -1 -1000 -1000 -1000 -10 5.875762
Car -1 -1 -1.885000 421 185 491 229 -1 -1 -1 -1000 -1000 -1000 -10 5.574586
Car -1 -1 -1.885000 687 184 752 225 -1 -1 -1 -1000 -1000 -1000 -10 5.065330
Car -1 -1 -1.256600 760 184 821 222 -1 -1 -1 -1000 -1000 -1000 -10 4.062125
Car -1 -1 -1.570800 387 178 446 229 -1 -1 -1 -1000 -1000 -1000 -10 1.841027
Car -1 -1 1.570800 578 171 608 195 -1 -1 -1 -1000 -1000 -1000 -10 1.723014
