Car -1 -1 1.885000 476 186 524 215 -1 -1 -1 -1000 -1000 -1000 -10 36.759506
Car -1 -1 1.885000 343 190 406 228 -1 -1 -1 -1000 -1000 -1000 -10 32.727745
Car -1 -1 1.885000 382 181 445 219 -1 -1 -1 -1000 -1000 -1000 -10 32.574665
Car -1 -1 -0.942500 724 172 863 235 -1 -1 -1 -1000 -1000 -1000 -10 29.936052
Car -1 -1 -1.570800 592 185 689 268 -1 -1 -1 -1000 -1000 -1000 -10 28.839249
Car -1 -1 1.885000 546 179 585 203 -1 -1 -1 -1000 -1000 -1000 -10 14.730271
Car -1 -1 1.885000 212 187 279 228 -1 -1 -1 -1000 -1000 -1000 -10 14.598454
Car -1 -1 -1.570800 383 199 411 223 -1 -1 -1 -1000 -1000 -1000 -10 11.168410
Car -1 -1 -0.942500 690 181 774 219 -1 -1 -1 -1000 -1000 -1000 -10 10.799339
Car -1 -1 -1.570800 693 181 721 205 -1 -1 -1 -1000 -1000 -1000 -10 8.911398
Car -1 -1 1.885000 7 204 201 322 -1 -1 -1 -1000 -1000 -1000 -10 7.965847
Car -1 -1 -1.570800 669 178 700 205 -1 -1 -1 -1000 -1000 -1000 -10 4.229811
Car -1 -1 1.885000 445 183 486 208 -1 -1 -1 -1000 -1000 -1000 -10 3.393178
Car -1 -1 -1.570800 163 185 300 303 -1 -1 -1 -1000 -1000 -1000 -10 1.548182
