Car -1 -1 1.885000 226 199 363 282 -1 -1 -1 -1000 -1000 -1000 -10 31.505592
Car -1 -1 1.885000 499 181 540 206 -1 -1 -1 -1000 -1000 -1000 -10 20.094915
Car -1 -1 1.256600 675 178 759 229 -1 -1 -1 -1000 -1000 -1000 -10 19.752214
Car -1 -1 -1.885000 719 178 863 268 -1 -1 -1 -1000 -1000 -1000 -10 18.538588
Car -1 -1 1.885000 341 188 445 251 -1 -1 -1 -1000 -1000 -1000 -10 17.214470
Car -1 -1 -1.570800 654 178 690 209 -1 -1 -1 -1000 -1000 -1000 -10 11.403365
Car -1 -1 -1.885000 807 176 1093 355 -1 -1 -1 -1000 -1000 -1000 -10 10.850706
Car -1 -1 1.885000 438 187 501 225 -1 -1 -1 -1000 -1000 -1000 -10 10.774845
Car -1 -1 1.256600 69 180 136 221 -1 -1 -1 -1000 -1000 -1000 -10 4.703785
Car -1 -1 1.885000 558 175 597 199 -1 -1 -1 -1000 -1000 -1000 -10 1.054978
