Car -1 -1 -1.885000 658 177 821 279 -1 -1 -1 -1000 -1000 -1000 -10 25.612663
Car -1 -1 -1.256600 311 190 418 257 -1 -1 -1 -1000 -1000 -1000 -10 24.304760
Car -1 -1 -1.570800 462 183 493 210 -1 -1 -1 -1000 -1000 -1000 -10 24.245659
Car -1 -1 -1.570800 538 180 586 221 -1 -1 -1 -1000 -1000 -1000 -10 19.704950
Car -1 -1 -1.256600 387 188 468 239 -1 -1 -1 -1000 -1000 -1000 -10 14.321441
Car -1 -1 -1.256600 167 165 299 248 -1 -1 -1 -1000 -1000 -1000 -10 8.009481
Car -1 -1 1.256600 22 191 297 358 -1 -1 -1 -1000 -1000 -1000 -10 4.884196
Car -1 -1 1.885000 162 253 280 325 -1 -1 -1 -1000 -1000 -1000 -10 2.869034
Car -1 -1 1.885000 351 173 418 214 -1 -1 -1 -1000 -1000 -1000 -10 2.240547
Car -1 -1 -1.256600 56 275 96 300 -1 -1 -1 -1000 -1000 -1000 -10 2.034209
