Car -1 -1 2.199100 -12 201 293 337 -1 -1 -1 -1000 -1000 -1000 -10 36.393467
Car -1 -1 1.885000 378 176 475 235 -1 -1 -1 -1000 -1000 -1000 -10 27.716370
Car -1 -1 -1.885000 710 181 862 276 -1 -1 -1 -1000 -1000 -1000 -10 18.457840
Car -1 -1 1.570800 554 177 584 201 -1 -1 -1 -1000 -1000 -1000 -10 17.685108
Car -1 -1 1.885000 258 200 386 278 -1 -1 -1 -1000 -1000 -1000 -10 15.659016
Car -1 -1 -1.570800 486 181 520 210 -1 -1 -1 -1000 -1000 -1000 -10 11.873043
Car -1 -1 -1.256600 292 236 353 274 -1 -1 -1 -1000 -1000 -1000 -10 5.917992
Car -1 -1 1.570800 522 179 552 203 -1 -1 -1 -1000 -1000 -1000 -10 4.864562
Car -1 -1 1.885000 432 180 499 221 -1 -1 -1 -1000 -1000 -1000 -10 4.552026
Car -1 -1 1.885000 161 240 279 312 -1 -1 -1 -1000 -1000 -1000 -10 3.189706
