Car -1 -1 -1.885000 812 163 850 187 -1 -1 -1 -1000 -1000 -1000 -10 19.407347
Car -1 -1 1.256600 775 157 826 188 -1 -1 -1 -1000 -1000 -1000 -10 18.690582
Car -1 -1 -2.199100 844 163 897 187 -1 -1 -1 -1000 -1000 -1000 -10 12.824789
Car -1 -1 2.827400 663 167 740 194 -1 -1 -1 -1000 -1000 -1000 -10 11.752342
Car -1 -1 2.827400 156 169 259 205 -1 -1 -1 -1000 -1000 -1000 -10 10.110761
Car -1 -1 -2.513300 1051 159 1115 183 -1 -1 -1 -1000 -1000 -1000 -10 7.809085
Car -1 -1 1.256600 993 156 1041 185 -1 -1 -1 -1000 -1000 -1000 -10 7.381705
Car -1 -1 -2.199100 1176 163 1229 187 -1 -1 -1 -1000 -1000 -1000 -10 6.687832
Car -1 -1 1.885000 980 127 1077 186 -1 -1 -1 -1000 -1000 -1000 -10 3.116561
Car -1 -1 -1.885000 1152 163 1190 187 -1 -1 -1 -1000 -1000 -1000 -10 0.946261
