Car -1 -1 1.885000 366 192 457 247 -1 -1 -1 -1000 -1000 -1000 -10 38.132736
Car -1 -1 1.885000 226 199 363 282 -1 -1 -1 -1000 -1000 -1000 -10 37.249584
Car -1 -1 1.885000 512 179 551 203 -1 -1 -1 -1000 -1000 -1000 -10 13.855527
Car -1 -1 -1.570800 645 177 673 201 -1 -1 -1 -1000 -1000 -1000 -10 12.541117
Car -1 -1 1.885000 474 184 525 215 -1 -1 -1 -1000 -1000 -1000 -10 10.759614
Car -1 -1 -1.570800 664 180 702 213 -1 -1 -1 -1000 -1000 -1000 -10 10.609765
Car -1 -1 -1.885000 706 179 813 246 -1 -1 -1 -1000 -1000 -1000 -10 5.483944
Car -1 -1 2.199100 -34 213 271 349 -1 -1 -1 -1000 -1000 -1000 -10 4.842058
Car -1 -1 2.513300 919 144 1153 227 -1 -1 -1 -1000 -1000 -1000 -10 4.071549
Car -1 -1 1.570800 329 229 376 267 -1 -1 -1 -1000 -1000 -1000 -10 1.254018
