Car -1 -1 1.885000 476 186 524 215 -1 -1 -1 -1000 -1000 -1000 -10 37.562298
Car -1 -1 -0.942500 724 172 863 235 -1 -1 -1 -1000 -1000 -1000 -10 36.189922
Car -1 -1 1.885000 343 190 406 228 -1 -1 -1 -1000 -1000 -1000 -10 32.047066
Car -1 -1 1.885000 382 181 445 219 -1 -1 -1 -1000 -1000 -1000 -10 28.394466
Car -1 -1 -1.570800 592 185 689 268 -1 -1 -1 -1000 -1000 -1000 -10 26.429340
Car -1 -1 1.885000 212 187 279 228 -1 -1 -1 -1000 -1000 -1000 -10 15.868849
Car -1 -1 1.885000 546 179 585 203 -1 -1 -1 -1000 -1000 -1000 -10 14.730271
Car -1 -1 -1.570800 383 199 411 223 -1 -1 -1 -1000 -1000 -1000 -10 11.168410
Car -1 -1 -1.570800 693 181 721 205 -1 -1 -1 -1000 -1000 -1000 -10 8.911398
Car -1 -1 -1.570800 668 181 702 210 -1 -1 -1 -1000 -1000 -1000 -10 8.712757
Car -1 -1 1.885000 7 204 201 322 -1 -1 -1 -1000 -1000 -1000 -10 8.221825
Car -1 -1 -1.570800 735 178 790 225 -1 -1 -1 -1000 -1000 -1000 -10 7.425823
Car -1 -1 1.885000 447 183 488 208 -1 -1 -1 -1000 -1000 -1000 -10 0.873877
