Car -1 -1 1.885000 330 178 434 241 -1 -1 -1 -1000 -1000 -1000 -10 43.906158
Car -1 -1 1.885000 490 178 541 209 -1 -1 -1 -1000 -1000 -1000 -10 32.898399
Car -1 -1 -0.942500 697 176 827 235 -1 -1 -1 -1000 -1000 -1000 -10 21.016851
Car -1 -1 -1.570800 589 178 662 241 -1 -1 -1 -1000 -1000 -1000 -10 20.542717
Car -1 -1 1.885000 155 179 273 251 -1 -1 -1 -1000 -1000 -1000 -10 15.716583
Car -1 -1 -0.942500 758 178 941 261 -1 -1 -1 -1000 -1000 -1000 -10 12.204473
Car -1 -1 1.570800 862 202 920 249 -1 -1 -1 -1000 -1000 -1000 -10 8.579971
Car -1 -1 -1.570800 774 199 847 262 -1 -1 -1 -1000 -1000 -1000 -10 6.379894
Car -1 -1 2.199100 -20 200 155 278 -1 -1 -1 -1000 -1000 -1000 -10 3.874336
Car -1 -1 -1.570800 337 204 385 245 -1 -1 -1 -1000 -1000 -1000 -10 2.365337
