Car -1 -1 1.885000 226 199 363 282 -1 -1 -1 -1000 -1000 -1000 -10 28.502041
Car -1 -1 1.885000 499 181 540 206 -1 -1 -1 -1000 -1000 -1000 -10 21.066479
Car -1 -1 -1.570800 653 177 691 210 -1 -1 -1 -1000 -1000 -1000 -10 19.686943
Car -1 -1 1.885000 341 188 445 251 -1 -1 -1 -1000 -1000 -1000 -10 19.285109
Car -1 -1 -1.885000 727 178 871 268 -1 -1 -1 -1000 -1000 -1000 -10 18.757479
Car -1 -1 1.256600 676 182 753 229 -1 -1 -1 -1000 -1000 -1000 -10 18.622768
Car -1 -1 -1.885000 807 176 1093 355 -1 -1 -1 -1000 -1000 -1000 -10 13.481831
Car -1 -1 1.885000 441 187 504 225 -1 -1 -1 -1000 -1000 -1000 -10 7.760305
Car -1 -1 1.256600 69 180 136 221 -1 -1 -1 -1000 -1000 -1000 -10 3.272688
Car -1 -1 1.885000 558 175 597 199 -1 -1 -1 -1000 -1000 -1000 -10 1.054978
