Car -1 -1 -1.570800 635 177 679 215 -1 -1 -1 -1000 -1000 -1000 -10 41.170429
Car -1 -1 -2.827400 72 155 391 273 -1 -1 -1 -1000 -1000 -1000 -10 11.944533
Car -1 -1 0.942500 413 178 494 214 -1 -1 -1 -1000 -1000 -1000 -10 10.282310
Car -1 -1 -1.570800 619 175 647 199 -1 -1 -1 -1000 -1000 -1000 -10 8.967240
Car -1 -1 -0.314200 901 187 1242 313 -1 -1 -1 -1000 -1000 -1000 -10 7.264897
Car -1 -1 -1.885000 867 180 1041 289 -1 -1 -1 -1000 -1000 -1000 -10 7.016429
Car -1 -1 -2.827400 324 172 494 235 -1 -1 -1 -1000 -1000 -1000 -10 1.823150
Car -1 -1 -1.256600 964 194 1088 272 -1 -1 -1 -1000 -1000 -1000 -10 1.189242
Car -1 -1 -1.885000 729 172 830 235 -1 -1 -1 -1000 -1000 -1000 -10 0.381894
Car -1 -1 -1.256600 33 190 250 326 -1 -1 -1 -1000 -1000 -1000 -10 0.242680
