Car -1 -1 -1.256600 664 173 702 197 -1 -1 -1 -1000 -1000 -1000 -10 25.870550
Car -1 -1 -0.942500 437 182 558 237 -1 -1 -1 -1000 -1000 -1000 -10 25.132231
Car -1 -1 2.199100 36 194 177 257 -1 -1 -1 -1000 -1000 -1000 -10 15.373750
Car -1 -1 1.885000 319 161 416 220 -1 -1 -1 -1000 -1000 -1000 -10 12.733944
Car -1 -1 -1.570800 723 160 761 193 -1 -1 -1 -1000 -1000 -1000 -10 8.583643
Car -1 -1 -1.256600 123 192 211 247 -1 -1 -1 -1000 -1000 -1000 -10 7.207949
Car -1 -1 1.885000 1168 153 1212 180 -1 -1 -1 -1000 -1000 -1000 -10 7.109962
Car -1 -1 1.885000 1042 157 1081 181 -1 -1 -1 -1000 -1000 -1000 -10 3.254154
Car -1 -1 1.885000 1108 153 1152 180 -1 -1 -1 -1000 -1000 -1000 -10 2.304855
Car -1 -1 -1.256600 509 197 562 230 -1 -1 -1 -1000 -1000 -1000 -10 2.112003
Car -1 -1 -1.256600 1146 155 1184 179 -1 -1 -1 -1000 -1000 -1000 -10 1.624449
Car -1 -1 -1.570800 791 157 827 188 -1 -1 -1 -1000 -1000 -1000 -10 1.157393
