Car -1 -1 1.885000 516 178 564 207 -1 -1 -1 -1000 -1000 -1000 -10 33.623947
Car -1 -1 -1.885000 758 181 910 276 -1 -1 -1 -1000 -1000 -1000 -10 28.600445
Car -1 -1 1.885000 238 196 408 299 -1 -1 -1 -1000 -1000 -1000 -10 25.979395
Car -1 -1 -1.885000 713 178 814 241 -1 -1 -1 -1000 -1000 -1000 -10 20.143261
Car -1 -1 1.885000 360 185 478 257 -1 -1 -1 -1000 -1000 -1000 -10 19.008591
Car -1 -1 -2.199100 809 190 1174 356 -1 -1 -1 -1000 -1000 -1000 -10 14.462008
Car -1 -1 1.885000 426 183 510 234 -1 -1 -1 -1000 -1000 -1000 -10 11.621291
Car -1 -1 -1.885000 682 178 752 222 -1 -1 -1 -1000 -1000 -1000 -10 10.509892
Car -1 -1 -1.256600 411 225 457 254 -1 -1 -1 -1000 -1000 -1000 -10 2.223206
Car -1 -1 1.256600 1010 208 1189 317 -1 -1 -1 -1000 -1000 -1000 -10 0.531179
