Car -1 -1 -1.570800 584 183 657 246 -1 -1 -1 -1000 -1000 -1000 -10 25.698195
Car -1 -1 1.885000 139 167 249 234 -1 -1 -1 -1000 -1000 -1000 -10 15.576106
Car -1 -1 -1.570800 368 180 459 258 -1 -1 -1 -1000 -1000 -1000 -10 15.457927
Car -1 -1 -1.885000 690 185 760 229 -1 -1 -1 -1000 -1000 -1000 -10 14.818176
Car -1 -1 1.885000 263 174 317 207 -1 -1 -1 -1000 -1000 -1000 -10 11.001158
Car -1 -1 -1.885000 660 174 730 218 -1 -1 -1 -1000 -1000 -1000 -10 8.044255
Car -1 -1 -1.885000 725 156 942 292 -1 -1 -1 -1000 -1000 -1000 -10 5.649307
Car -1 -1 1.256600 449 180 516 221 -1 -1 -1 -1000 -1000 -1000 -10 2.420069
Car -1 -1 -1.570800 516 170 552 201 -1 -1 -1 -1000 -1000 -1000 -10 0.794441
Car -1 -1 1.885000 545 166 593 195 -1 -1 -1 -1000 -1000 -1000 -10 0.607671
