Car -1 -1 -1.570800 577 181 613 212 -1 -1 -1 -1000 -1000 -1000 -10 33.142017
Car -1 -1 -0.942500 62 177 286 279 -1 -1 -1 -1000 -1000 -1000 -10 29.636486
Car -1 -1 -1.570800 442 187 498 235 -1 -1 -1 -1000 -1000 -1000 -10 25.319088
Car -1 -1 -1.570800 483 183 521 216 -1 -1 -1 -1000 -1000 -1000 -10 16.083706
Car -1 -1 -1.256600 304 190 457 286 -1 -1 -1 -1000 -1000 -1000 -10 12.971189
Car -1 -1 -1.256600 265 170 358 228 -1 -1 -1 -1000 -1000 -1000 -10 8.201704
Car -1 -1 1.885000 294 197 338 224 -1 -1 -1 -1000 -1000 -1000 -10 4.442045
Car -1 -1 -1.570800 509 183 538 208 -1 -1 -1 -1000 -1000 -1000 -10 4.095219
Car -1 -1 -1.570800 257 236 335 303 -1 -1 -1 -1000 -1000 -1000 -10 2.831766
Car -1 -1 -1.256600 91 218 179 273 -1 -1 -1 -1000 -1000 -1000 -10 2.318004
Car -1 -1 -1.570800 288 205 317 230 -1 -1 -1 -1000 -1000 -1000 -10 1.992599
