Car -1 -1 -0.942500 698 170 795 214 -1 -1 -1 -1000 -1000 -1000 -10 37.947403
Car -1 -1 2.199100 177 186 309 245 -1 -1 -1 -1000 -1000 -1000 -10 33.910572
Car -1 -1 1.885000 466 175 505 199 -1 -1 -1 -1000 -1000 -1000 -10 30.782471
Car -1 -1 -1.256600 859 163 1124 329 -1 -1 -1 -1000 -1000 -1000 -10 27.573465
Car -1 -1 -1.570800 577 175 714 293 -1 -1 -1 -1000 -1000 -1000 -10 20.452982
Car -1 -1 2.199100 274 177 348 210 -1 -1 -1 -1000 -1000 -1000 -10 17.043966
Car -1 -1 1.885000 416 173 467 204 -1 -1 -1 -1000 -1000 -1000 -10 17.010056
Car -1 -1 1.885000 390 178 441 209 -1 -1 -1 -1000 -1000 -1000 -10 16.415937
Car -1 -1 -1.256600 44 178 188 268 -1 -1 -1 -1000 -1000 -1000 -10 10.319570
Car -1 -1 -1.570800 704 173 740 204 -1 -1 -1 -1000 -1000 -1000 -10 8.532107
Car -1 -1 -1.256600 212 215 258 244 -1 -1 -1 -1000 -1000 -1000 -10 4.141955
Car -1 -1 -1.570800 675 173 703 197 -1 -1 -1 -1000 -1000 -1000 -10 2.850008
Car -1 -1 -1.570800 252 203 296 241 -1 -1 -1 -1000 -1000 -1000 -10 1.426060
