Car -1 -1 2.513300 126 174 250 218 -1 -1 -1 -1000 -1000 -1000 -10 27.240112
Car -1 -1 2.513300 71 184 173 220 -1 -1 -1 -1000 -1000 -1000 -10 20.116423
Car -1 -1 1.885000 265 173 306 198 -1 -1 -1 -1000 -1000 -1000 -10 9.967621
Car -1 -1 -2.827400 369 173 437 198 -1 -1 -1 -1000 -1000 -1000 -10 8.083825
Car -1 -1 2.827400 813 169 890 196 -1 -1 -1 -1000 -1000 -1000 -10 8.010493
Car -1 -1 1.256600 1011 162 1055 189 -1 -1 -1 -1000 -1000 -1000 -10 7.798424
Car -1 -1 -2.199100 1156 167 1209 191 -1 -1 -1 -1000 -1000 -1000 -10 5.768522
Car -1 -1 1.256600 805 164 846 189 -1 -1 -1 -1000 -1000 -1000 -10 4.491251
Car -1 -1 -1.885000 878 167 916 191 -1 -1 -1 -1000 -1000 -1000 -10 3.602593
Car -1 -1 2.199100 340 174 401 201 -1 -1 -1 -1000 -1000 -1000 -10 2.562381
Car -1 -1 1.885000 997 128 1107 195 -1 -1 -1 -1000 -1000 -1000 -10 1.594387
