Car -1 -1 -2.199100 445 164 509 193 -1 -1 -1 -1000 -1000 -1000 -10 23.216486
Car -1 -1 -2.513300 674 158 740 183 -1 -1 -1 -1000 -1000 -1000 -10 17.436283
Car -1 -1 -1.885000 401 163 450 194 -1 -1 -1 -1000 -1000 -1000 -10 15.969862
Car -1 -1 1.256600 341 150 418 197 -1 -1 -1 -1000 -1000 -1000 -10 11.409803
Car -1 -1 -2.199100 772 163 825 187 -1 -1 -1 -1000 -1000 -1000 -10 10.127575
Car -1 -1 -1.885000 648 160 688 185 -1 -1 -1 -1000 -1000 -1000 -10 4.249013
Car -1 -1 1.885000 823 155 867 182 -1 -1 -1 -1000 -1000 -1000 -10 1.749724
Car -1 -1 -0.314200 373 144 511 195 -1 -1 -1 -1000 -1000 -1000 -10 1.677873
Car -1 -1 -1.256600 482 161 528 190 -1 -1 -1 -1000 -1000 -1000 -10 1.425600
Car -1 -1 -2.199100 845 155 900 180 -1 -1 -1 -1000 -1000 -1000 -10 0.580906
