Car -1 -1 -1.885000 749 198 950 324 -1 -1 -1 -1000 -1000 -1000 -10 29.760067
Car -1 -1 1.885000 253 177 508 332 -1 -1 -1 -1000 -1000 -1000 -10 25.893284
Car -1 -1 -1.570800 649 177 677 201 -1 -1 -1 -1000 -1000 -1000 -10 23.837681
Car -1 -1 1.256600 683 185 820 268 -1 -1 -1 -1000 -1000 -1000 -10 13.109871
Car -1 -1 0.942500 1158 330 1250 371 -1 -1 -1 -1000 -1000 -1000 -10 12.539321
Car -1 -1 1.570800 670 181 717 219 -1 -1 -1 -1000 -1000 -1000 -10 10.075489
Car -1 -1 1.570800 526 177 567 210 -1 -1 -1 -1000 -1000 -1000 -10 6.181616
Car -1 -1 1.256600 630 163 689 199 -1 -1 -1 -1000 -1000 -1000 -10 2.544604
Car -1 -1 1.570800 491 178 549 225 -1 -1 -1 -1000 -1000 -1000 -10 2.537822
Car -1 -1 1.885000 416 179 526 246 -1 -1 -1 -1000 -1000 -1000 -10 2.468423
