Car -1 -1 1.885000 330 178 434 241 -1 -1 -1 -1000 -1000 -1000 -10 43.782486
Car -1 -1 1.885000 493 178 541 207 -1 -1 -1 -1000 -1000 -1000 -10 31.161169
Car -1 -1 -1.570800 584 173 662 240 -1 -1 -1 -1000 -1000 -1000 -10 22.102394
Car -1 -1 -0.942500 695 178 816 233 -1 -1 -1 -1000 -1000 -1000 -10 19.262959
Car -1 -1 1.885000 155 179 273 251 -1 -1 -1 -1000 -1000 -1000 -10 16.290543
Car -1 -1 -0.942500 758 178 941 261 -1 -1 -1 -1000 -1000 -1000 -10 16.209024
Car -1 -1 1.570800 851 201 919 256 -1 -1 -1 -1000 -1000 -1000 -10 8.883945
Car -1 -1 -1.570800 780 199 853 262 -1 -1 -1 -1000 -1000 -1000 -10 8.176661
Car -1 -1 2.199100 -20 200 155 278 -1 -1 -1 -1000 -1000 -1000 -10 4.214842
Car -1 -1 -0.942500 60 187 232 265 -1 -1 -1 -1000 -1000 -1000 -10 3.690490
Car -1 -1 -1.570800 337 204 385 245 -1 -1 -1 -1000 -1000 -1000 -10 2.032717
