Car -1 -1 -1.885000 622 177 675 210 -1 -1 -1 -1000 -1000 -1000 -10 24.598431
Car -1 -1 -2.513300 84 181 336 276 -1 -1 -1 -1000 -1000 -1000 -10 20.212959
Car -1 -1 2.199100 757 174 871 225 -1 -1 -1 -1000 -1000 -1000 -10 19.951340
Car -1 -1 -1.885000 609 175 649 200 -1 -1 -1 -1000 -1000 -1000 -10 13.829255
Car -1 -1 1.885000 362 162 466 225 -1 -1 -1 -1000 -1000 -1000 -10 4.551548
Car -1 -1 0.314200 422 174 549 218 -1 -1 -1 -1000 -1000 -1000 -10 4.493921
Car -1 -1 1.885000 238 166 322 217 -1 -1 -1 -1000 -1000 -1000 -10 3.737652
Car -1 -1 -1.570800 448 175 490 211 -1 -1 -1 -1000 -1000 -1000 -10 3.416197
Car -1 -1 1.885000 476 173 524 202 -1 -1 -1 -1000 -1000 -1000 -10 2.876118
Car -1 -1 -0.942500 239 153 479 262 -1 -1 -1 -1000 -1000 -1000 -10 1.041984
