Car -1 -1 1.885000 486 180 614 258 -1 -1 -1 -1000 -1000 -1000 -10 30.766294
Car -1 -1 -0.314200 456 181 521 205 -1 -1 -1 -1000 -1000 -1000 -10 25.460007
Car -1 -1 -2.199100 345 184 429 222 -1 -1 -1 -1000 -1000 -1000 -10 25.453568
Car -1 -1 -2.199100 706 166 770 195 -1 -1 -1 -1000 -1000 -1000 -10 20.620291
Car -1 -1 1.885000 1170 153 1211 178 -1 -1 -1 -1000 -1000 -1000 -10 15.349200
Car -1 -1 -1.256600 658 170 698 195 -1 -1 -1 -1000 -1000 -1000 -10 10.686133
Car -1 -1 -0.942500 1130 155 1185 180 -1 -1 -1 -1000 -1000 -1000 -10 8.616147
Car -1 -1 0.942500 10 194 151 257 -1 -1 -1 -1000 -1000 -1000 -10 6.884948
Car -1 -1 -3.141600 1029 157 1092 181 -1 -1 -1 -1000 -1000 -1000 -10 5.137095
Car -1 -1 1.885000 1106 157 1145 181 -1 -1 -1 -1000 -1000 -1000 -10 5.065117
Car -1 -1 -1.570800 327 177 355 201 -1 -1 -1 -1000 -1000 -1000 -10 4.011728
Car -1 -1 1.570800 790 157 828 188 -1 -1 -1 -1000 -1000 -1000 -10 2.716608
