Car -1 -1 -1.256600 664 173 702 197 -1 -1 -1 -1000 -1000 -1000 -10 26.596977
Car -1 -1 0.314200 419 182 577 237 -1 -1 -1 -1000 -1000 -1000 -10 24.544044
Car -1 -1 2.199100 36 194 177 257 -1 -1 -1 -1000 -1000 -1000 -10 23.551538
Car -1 -1 -1.570800 333 161 402 220 -1 -1 -1 -1000 -1000 -1000 -10 19.383827
Car -1 -1 1.885000 1170 153 1211 178 -1 -1 -1 -1000 -1000 -1000 -10 11.484636
Car -1 -1 -3.141600 1029 157 1092 181 -1 -1 -1 -1000 -1000 -1000 -10 5.987730
Car -1 -1 -0.942500 112 191 224 242 -1 -1 -1 -1000 -1000 -1000 -10 5.414246
Car -1 -1 -0.314200 285 155 480 227 -1 -1 -1 -1000 -1000 -1000 -10 4.973879
Car -1 -1 -1.570800 724 159 758 188 -1 -1 -1 -1000 -1000 -1000 -10 4.436449
Car -1 -1 -2.827400 1124 157 1189 181 -1 -1 -1 -1000 -1000 -1000 -10 3.735912
Car -1 -1 1.885000 1106 157 1145 181 -1 -1 -1 -1000 -1000 -1000 -10 2.861257
