Car -1 -1 2.827400 508 171 603 204 -1 -1 -1 -1000 -1000 -1000 -10 32.762524
Car -1 -1 -1.570800 605 178 678 241 -1 -1 -1 -1000 -1000 -1000 -10 26.474625
Car -1 -1 -0.942500 801 173 1010 268 -1 -1 -1 -1000 -1000 -1000 -10 25.150984
Car -1 -1 -0.942500 414 180 487 213 -1 -1 -1 -1000 -1000 -1000 -10 22.911999
Car -1 -1 2.199100 187 185 389 275 -1 -1 -1 -1000 -1000 -1000 -10 18.025738
Car -1 -1 1.885000 530 183 569 207 -1 -1 -1 -1000 -1000 -1000 -10 9.646135
Car -1 -1 2.827400 184 222 310 266 -1 -1 -1 -1000 -1000 -1000 -10 9.230363
Car -1 -1 2.199100 47 183 188 246 -1 -1 -1 -1000 -1000 -1000 -10 6.343171
Car -1 -1 2.827400 114 189 203 220 -1 -1 -1 -1000 -1000 -1000 -10 5.538676
Car -1 -1 -2.513300 537 167 744 245 -1 -1 -1 -1000 -1000 -1000 -10 1.854839
Car -1 -1 1.570800 92 190 139 228 -1 -1 -1 -1000 -1000 -1000 -10 1.396763
Car -1 -1 -1.256600 647 171 690 198 -1 -1 -1 -1000 -1000 -1000 -10 0.190215
