Car -1 -1 -1.256600 570 183 671 246 -1 -1 -1 -1000 -1000 -1000 -10 27.723269
Car -1 -1 -0.314200 241 175 338 211 -1 -1 -1 -1000 -1000 -1000 -10 21.436199
Car -1 -1 -2.199100 114 167 261 234 -1 -1 -1 -1000 -1000 -1000 -10 14.823850
Car -1 -1 -2.513300 309 180 516 258 -1 -1 -1 -1000 -1000 -1000 -10 14.151258
Car -1 -1 -0.628300 666 185 783 229 -1 -1 -1 -1000 -1000 -1000 -10 14.131095
Car -1 -1 1.256600 744 156 968 292 -1 -1 -1 -1000 -1000 -1000 -10 7.231180
Car -1 -1 1.885000 454 181 517 219 -1 -1 -1 -1000 -1000 -1000 -10 4.965949
Car -1 -1 1.885000 671 174 734 212 -1 -1 -1 -1000 -1000 -1000 -10 3.944043
Car -1 -1 -1.885000 694 200 743 231 -1 -1 -1 -1000 -1000 -1000 -10 2.886075
Car -1 -1 -0.942500 536 166 600 195 -1 -1 -1 -1000 -1000 -1000 -10 0.365993
Car -1 -1 0.942500 498 170 568 201 -1 -1 -1 -1000 -1000 -1000 -10 0.360581
