Car -1 -1 0.628300 -50 201 331 337 -1 -1 -1 -1000 -1000 -1000 -10 46.127415
Car -1 -1 2.827400 350 178 508 233 -1 -1 -1 -1000 -1000 -1000 -10 25.569736
Car -1 -1 -0.942500 243 198 401 270 -1 -1 -1 -1000 -1000 -1000 -10 25.028502
Car -1 -1 1.256600 550 177 589 201 -1 -1 -1 -1000 -1000 -1000 -10 19.574154
Car -1 -1 -2.513300 659 181 911 276 -1 -1 -1 -1000 -1000 -1000 -10 19.483408
Car -1 -1 -0.628300 468 181 540 208 -1 -1 -1 -1000 -1000 -1000 -10 11.841465
Car -1 -1 0.314200 276 242 371 275 -1 -1 -1 -1000 -1000 -1000 -10 4.341154
Car -1 -1 -0.314200 502 177 567 201 -1 -1 -1 -1000 -1000 -1000 -10 3.089418
Car -1 -1 -1.570800 401 178 452 222 -1 -1 -1 -1000 -1000 -1000 -10 2.024660
Car -1 -1 -1.256600 71 213 223 308 -1 -1 -1 -1000 -1000 -1000 -10 1.091810
