Car -1 -1 -0.314200 525 174 598 201 -1 -1 -1 -1000 -1000 -1000 -10 38.362682
Car -1 -1 -2.513300 731 173 983 268 -1 -1 -1 -1000 -1000 -1000 -10 31.356546
Car -1 -1 2.199100 234 182 357 237 -1 -1 -1 -1000 -1000 -1000 -10 21.606947
Car -1 -1 -2.513300 545 179 723 246 -1 -1 -1 -1000 -1000 -1000 -10 16.303101
Car -1 -1 1.885000 426 181 477 212 -1 -1 -1 -1000 -1000 -1000 -10 12.822670
Car -1 -1 -1.256600 322 184 429 251 -1 -1 -1 -1000 -1000 -1000 -10 11.445497
Car -1 -1 -1.570800 595 173 659 228 -1 -1 -1 -1000 -1000 -1000 -10 10.618855
Car -1 -1 1.570800 314 211 365 252 -1 -1 -1 -1000 -1000 -1000 -10 4.405210
Car -1 -1 -1.570800 541 181 569 205 -1 -1 -1 -1000 -1000 -1000 -10 2.698924
Car -1 -1 -2.199100 152 188 216 217 -1 -1 -1 -1000 -1000 -1000 -10 2.682854
Car -1 -1 2.199100 632 173 688 198 -1 -1 -1 -1000 -1000 -1000 -10 1.528672
Car -1 -1 2.827400 93 182 251 237 -1 -1 -1 -1000 -1000 -1000 -10 0.183454
