Car -1 -1 -0.942500 477 178 556 214 -1 -1 -1 -1000 -1000 -1000 -10 31.849270
Car -1 -1 1.885000 226 185 363 268 -1 -1 -1 -1000 -1000 -1000 -10 30.472511
Car -1 -1 -2.827400 703 163 787 194 -1 -1 -1 -1000 -1000 -1000 -10 15.332135
Car -1 -1 1.570800 472 181 505 208 -1 -1 -1 -1000 -1000 -1000 -10 13.344876
Car -1 -1 2.199100 380 187 465 225 -1 -1 -1 -1000 -1000 -1000 -10 5.329899
Car -1 -1 -2.199100 616 173 669 197 -1 -1 -1 -1000 -1000 -1000 -10 3.178495
Car -1 -1 1.256600 522 179 561 203 -1 -1 -1 -1000 -1000 -1000 -10 2.961250
Car -1 -1 -2.513300 1088 154 1184 190 -1 -1 -1 -1000 -1000 -1000 -10 2.157048
Car -1 -1 0.942500 11 187 294 313 -1 -1 -1 -1000 -1000 -1000 -10 2.152710
Car -1 -1 -0.628300 112 155 446 281 -1 -1 -1 -1000 -1000 -1000 -10 1.152596
