Car -1 -1 -1.885000 812 163 850 187 -1 -1 -1 -1000 -1000 -1000 -10 20.415747
Car -1 -1 -0.628300 759 157 841 188 -1 -1 -1 -1000 -1000 -1000 -10 15.313087
Car -1 -1 -0.314200 669 168 737 193 -1 -1 -1 -1000 -1000 -1000 -10 12.859539
Car -1 -1 -2.199100 844 163 897 187 -1 -1 -1 -1000 -1000 -1000 -10 11.649973
Car -1 -1 -3.141600 166 169 261 205 -1 -1 -1 -1000 -1000 -1000 -10 10.108858
Car -1 -1 -2.199100 1176 163 1229 187 -1 -1 -1 -1000 -1000 -1000 -10 9.206037
Car -1 -1 -2.513300 1051 159 1115 183 -1 -1 -1 -1000 -1000 -1000 -10 7.411717
Car -1 -1 0.942500 984 158 1045 185 -1 -1 -1 -1000 -1000 -1000 -10 5.702553
Car -1 -1 -2.513300 943 125 1110 188 -1 -1 -1 -1000 -1000 -1000 -10 3.263470
Car -1 -1 -0.314200 1138 163 1203 187 -1 -1 -1 -1000 -1000 -1000 -10 1.480150
