Car -1 -1 -1.570800 577 181 613 212 -1 -1 -1 -1000 -1000 -1000 -10 38.259132
Car -1 -1 -1.256600 432 187 509 235 -1 -1 -1 -1000 -1000 -1000 -10 27.997456
Car -1 -1 2.199100 37 171 282 280 -1 -1 -1 -1000 -1000 -1000 -10 22.443676
Car -1 -1 -2.513300 457 183 545 216 -1 -1 -1 -1000 -1000 -1000 -10 16.696758
Car -1 -1 -1.256600 312 191 454 280 -1 -1 -1 -1000 -1000 -1000 -10 13.106313
Car -1 -1 -1.256600 486 193 524 217 -1 -1 -1 -1000 -1000 -1000 -10 6.877836
Car -1 -1 0.628300 239 170 382 221 -1 -1 -1 -1000 -1000 -1000 -10 6.066703
Car -1 -1 2.199100 292 197 346 221 -1 -1 -1 -1000 -1000 -1000 -10 5.748252
Car -1 -1 -1.256600 510 185 548 209 -1 -1 -1 -1000 -1000 -1000 -10 1.859079
Car -1 -1 -2.513300 164 188 502 315 -1 -1 -1 -1000 -1000 -1000 -10 0.044539
