Car -1 -1 -2.827400 337 176 496 235 -1 -1 -1 -1000 -1000 -1000 -10 33.305153
Car -1 -1 -1.570800 553 177 581 201 -1 -1 -1 -1000 -1000 -1000 -10 31.431648
Car -1 -1 -0.628300 190 199 410 282 -1 -1 -1 -1000 -1000 -1000 -10 28.281385
Car -1 -1 -2.199100 692 178 919 281 -1 -1 -1 -1000 -1000 -1000 -10 22.576927
Car -1 -1 -1.570800 521 179 549 203 -1 -1 -1 -1000 -1000 -1000 -10 15.975155
Car -1 -1 -1.570800 394 178 445 222 -1 -1 -1 -1000 -1000 -1000 -10 7.156259
Car -1 -1 -1.570800 257 201 335 268 -1 -1 -1 -1000 -1000 -1000 -10 7.076380
Car -1 -1 -1.256600 479 181 522 208 -1 -1 -1 -1000 -1000 -1000 -10 6.217834
Car -1 -1 -0.628300 526 171 598 198 -1 -1 -1 -1000 -1000 -1000 -10 4.532135
Car -1 -1 1.570800 425 181 479 225 -1 -1 -1 -1000 -1000 -1000 -10 3.379629
