Car -1 -1 -2.827400 128 174 247 218 -1 -1 -1 -1000 -1000 -1000 -10 23.571718
Car -1 -1 2.513300 74 184 176 220 -1 -1 -1 -1000 -1000 -1000 -10 21.831636
Car -1 -1 2.827400 249 173 321 198 -1 -1 -1 -1000 -1000 -1000 -10 10.224222
Car -1 -1 2.199100 377 173 433 198 -1 -1 -1 -1000 -1000 -1000 -10 8.099684
Car -1 -1 -2.827400 815 169 888 196 -1 -1 -1 -1000 -1000 -1000 -10 5.535619
Car -1 -1 -0.942500 1158 167 1211 191 -1 -1 -1 -1000 -1000 -1000 -10 5.063005
Car -1 -1 1.256600 998 157 1057 193 -1 -1 -1 -1000 -1000 -1000 -10 3.966512
Car -1 -1 1.885000 346 173 394 202 -1 -1 -1 -1000 -1000 -1000 -10 3.493301
Car -1 -1 -2.827400 864 165 929 189 -1 -1 -1 -1000 -1000 -1000 -10 3.192164
Car -1 -1 -2.513300 1187 167 1251 191 -1 -1 -1 -1000 -1000 -1000 -10 2.979468
