Car -1 -1 2.199100 147 188 288 251 -1 -1 -1 -1000 -1000 -1000 -10 41.092648
Car -1 -1 1.885000 464 175 503 199 -1 -1 -1 -1000 -1000 -1000 -10 33.399963
Car -1 -1 -2.199100 707 170 810 217 -1 -1 -1 -1000 -1000 -1000 -10 29.621334
Car -1 -1 1.885000 405 172 464 208 -1 -1 -1 -1000 -1000 -1000 -10 26.035950
Car -1 -1 0.314200 468 176 831 302 -1 -1 -1 -1000 -1000 -1000 -10 20.985973
Car -1 -1 1.885000 266 178 325 214 -1 -1 -1 -1000 -1000 -1000 -10 19.709398
Car -1 -1 1.885000 382 180 436 213 -1 -1 -1 -1000 -1000 -1000 -10 16.809002
Car -1 -1 2.199100 -17 178 214 281 -1 -1 -1 -1000 -1000 -1000 -10 9.363468
Car -1 -1 1.885000 847 176 1142 355 -1 -1 -1 -1000 -1000 -1000 -10 4.746627
Car -1 -1 -1.570800 583 178 703 281 -1 -1 -1 -1000 -1000 -1000 -10 3.423071
