Car -1 -1 1.885000 195 186 292 245 -1 -1 -1 -1000 -1000 -1000 -10 41.288170
Car -1 -1 -2.199100 698 170 795 214 -1 -1 -1 -1000 -1000 -1000 -10 37.388866
Car -1 -1 1.885000 468 175 507 199 -1 -1 -1 -1000 -1000 -1000 -10 30.228889
Car -1 -1 -1.570800 881 163 1074 329 -1 -1 -1 -1000 -1000 -1000 -10 26.941616
Car -1 -1 -1.885000 391 181 437 210 -1 -1 -1 -1000 -1000 -1000 -10 21.453899
Car -1 -1 -1.256600 417 173 466 204 -1 -1 -1 -1000 -1000 -1000 -10 20.278191
Car -1 -1 2.513300 479 175 812 293 -1 -1 -1 -1000 -1000 -1000 -10 19.189766
Car -1 -1 2.199100 274 177 348 210 -1 -1 -1 -1000 -1000 -1000 -10 16.961475
Car -1 -1 -1.570800 583 170 703 273 -1 -1 -1 -1000 -1000 -1000 -10 13.444489
Car -1 -1 -1.256600 44 178 188 268 -1 -1 -1 -1000 -1000 -1000 -10 8.845513
Car -1 -1 -2.827400 658 173 726 198 -1 -1 -1 -1000 -1000 -1000 -10 6.790761
