Car -1 -1 -1.256600 410 187 534 265 -1 -1 -1 -1000 -1000 -1000 -10 34.651810
Car -1 -1 -2.513300 652 176 1128 355 -1 -1 -1 -1000 -1000 -1000 -10 34.009972
Car -1 -1 1.885000 690 185 827 268 -1 -1 -1 -1000 -1000 -1000 -10 19.013971
Car -1 -1 1.570800 665 183 698 210 -1 -1 -1 -1000 -1000 -1000 -10 9.387942
Car -1 -1 2.199100 525 178 595 209 -1 -1 -1 -1000 -1000 -1000 -10 7.731582
Car -1 -1 -3.141600 312 165 623 283 -1 -1 -1 -1000 -1000 -1000 -10 3.451693
Car -1 -1 -1.570800 757 178 926 323 -1 -1 -1 -1000 -1000 -1000 -10 3.417015
Car -1 -1 1.570800 676 187 744 242 -1 -1 -1 -1000 -1000 -1000 -10 3.071942
Car -1 -1 1.885000 644 177 683 201 -1 -1 -1 -1000 -1000 -1000 -10 1.483920
Car -1 -1 2.827400 512 195 581 219 -1 -1 -1 -1000 -1000 -1000 -10 0.577926
