Car -1 -1 -3.141600 700 168 766 193 -1 -1 -1 -1000 -1000 -1000 -10 22.913183
Car -1 -1 -2.199100 852 163 905 187 -1 -1 -1 -1000 -1000 -1000 -10 17.504620
Car -1 -1 -2.513300 807 163 871 187 -1 -1 -1 -1000 -1000 -1000 -10 17.414885
Car -1 -1 -3.141600 196 169 291 205 -1 -1 -1 -1000 -1000 -1000 -10 13.746010
Car -1 -1 -2.199100 776 158 835 185 -1 -1 -1 -1000 -1000 -1000 -10 7.310233
Car -1 -1 -2.513300 1061 159 1125 183 -1 -1 -1 -1000 -1000 -1000 -10 6.161795
Car -1 -1 2.827400 960 154 1055 187 -1 -1 -1 -1000 -1000 -1000 -10 6.129464
Car -1 -1 -0.942500 166 167 225 194 -1 -1 -1 -1000 -1000 -1000 -10 4.293544
Car -1 -1 -2.513300 948 125 1115 188 -1 -1 -1 -1000 -1000 -1000 -10 3.131991
Car -1 -1 0.314200 1144 163 1213 187 -1 -1 -1 -1000 -1000 -1000 -10 1.434261
Car -1 -1 -2.513300 1019 161 1083 185 -1 -1 -1 -1000 -1000 -1000 -10 1.413488
Car -1 -1 -2.513300 852 144 969 188 -1 -1 -1 -1000 -1000 -1000 -10 0.627328
