Car -1 -1 -1.885000 723 168 772 199 -1 -1 -1 -1000 -1000 -1000 -10 42.696171
Car -1 -1 -1.256600 759 185 947 303 -1 -1 -1 -1000 -1000 -1000 -10 28.136841
Car -1 -1 -1.256600 451 173 500 204 -1 -1 -1 -1000 -1000 -1000 -10 25.833773
Car -1 -1 2.827400 641 158 713 183 -1 -1 -1 -1000 -1000 -1000 -10 19.618233
Car -1 -1 1.885000 533 165 577 192 -1 -1 -1 -1000 -1000 -1000 -10 17.258951
Car -1 -1 1.256600 621 160 662 185 -1 -1 -1 -1000 -1000 -1000 -10 14.757523
Car -1 -1 -2.513300 349 163 466 207 -1 -1 -1 -1000 -1000 -1000 -10 8.960408
Car -1 -1 0.628300 833 166 998 225 -1 -1 -1 -1000 -1000 -1000 -10 8.525943
Car -1 -1 -0.628300 564 163 673 204 -1 -1 -1 -1000 -1000 -1000 -10 4.005936
Car -1 -1 -1.570800 794 185 878 257 -1 -1 -1 -1000 -1000 -1000 -10 0.892655
