Car -1 -1 1.256600 372 183 476 246 -1 -1 -1 -1000 -1000 -1000 -10 33.162811
Car -1 -1 -0.314200 795 150 922 197 -1 -1 -1 -1000 -1000 -1000 -10 32.196953
Car -1 -1 -1.570800 595 177 623 201 -1 -1 -1 -1000 -1000 -1000 -10 30.785818
Car -1 -1 2.827400 801 155 1139 273 -1 -1 -1 -1000 -1000 -1000 -10 21.656641
Car -1 -1 -2.199100 430 173 577 240 -1 -1 -1 -1000 -1000 -1000 -10 18.674358
Car -1 -1 2.827400 628 173 711 202 -1 -1 -1 -1000 -1000 -1000 -10 13.795830
Car -1 -1 1.570800 485 178 539 222 -1 -1 -1 -1000 -1000 -1000 -10 5.804734
Car -1 -1 2.513300 577 171 645 195 -1 -1 -1 -1000 -1000 -1000 -10 5.415026
Car -1 -1 -1.256600 1130 144 1200 188 -1 -1 -1 -1000 -1000 -1000 -10 3.868447
Car -1 -1 1.256600 910 161 1028 233 -1 -1 -1 -1000 -1000 -1000 -10 3.656474
