Car -1 -1 1.885000 371 192 462 247 -1 -1 -1 -1000 -1000 -1000 -10 42.642174
Car -1 -1 -3.141600 165 197 415 292 -1 -1 -1 -1000 -1000 -1000 -10 37.048271
Car -1 -1 -1.570800 262 198 346 270 -1 -1 -1 -1000 -1000 -1000 -10 21.158335
Car -1 -1 -1.885000 640 177 678 201 -1 -1 -1 -1000 -1000 -1000 -10 13.696478
Car -1 -1 -2.827400 457 184 541 215 -1 -1 -1 -1000 -1000 -1000 -10 12.456248
Car -1 -1 1.885000 510 179 549 203 -1 -1 -1 -1000 -1000 -1000 -10 11.380162
Car -1 -1 1.256600 654 178 713 214 -1 -1 -1 -1000 -1000 -1000 -10 7.049062
Car -1 -1 2.199100 -31 219 252 345 -1 -1 -1 -1000 -1000 -1000 -10 3.800630
Car -1 -1 -0.628300 642 178 788 233 -1 -1 -1 -1000 -1000 -1000 -10 2.660112
Car -1 -1 1.885000 964 141 1120 236 -1 -1 -1 -1000 -1000 -1000 -10 1.690897
