Car -1 -1 -2.513300 461 186 538 215 -1 -1 -1 -1000 -1000 -1000 -10 40.788433
Car -1 -1 -2.827400 322 190 425 228 -1 -1 -1 -1000 -1000 -1000 -10 38.583679
Car -1 -1 -2.827400 365 181 462 217 -1 -1 -1 -1000 -1000 -1000 -10 31.426479
Car -1 -1 2.199100 723 172 864 235 -1 -1 -1 -1000 -1000 -1000 -10 26.740713
Car -1 -1 -1.570800 592 178 689 261 -1 -1 -1 -1000 -1000 -1000 -10 23.406588
Car -1 -1 -2.513300 194 187 295 225 -1 -1 -1 -1000 -1000 -1000 -10 18.721096
Car -1 -1 -0.628300 529 179 595 204 -1 -1 -1 -1000 -1000 -1000 -10 14.274220
Car -1 -1 -1.256600 378 199 416 223 -1 -1 -1 -1000 -1000 -1000 -10 9.266821
Car -1 -1 2.199100 -29 204 236 322 -1 -1 -1 -1000 -1000 -1000 -10 8.945566
Car -1 -1 1.885000 697 181 760 219 -1 -1 -1 -1000 -1000 -1000 -10 7.033496
Car -1 -1 -2.513300 496 178 770 281 -1 -1 -1 -1000 -1000 -1000 -10 6.687836
Car -1 -1 -2.827400 649 181 722 208 -1 -1 -1 -1000 -1000 -1000 -10 5.381502
Car -1 -1 1.885000 213 199 257 226 -1 -1 -1 -1000 -1000 -1000 -10 4.543764
Car -1 -1 -1.256600 450 183 490 208 -1 -1 -1 -1000 -1000 -1000 -10 1.824820
