Car -1 -1 1.570800 637 175 668 200 -1 -1 -1 -1000 -1000 -1000 -10 52.039341
Car -1 -1 1.570800 463 173 546 240 -1 -1 -1 -1000 -1000 -1000 -10 30.927904
Car -1 -1 2.199100 145 171 331 254 -1 -1 -1 -1000 -1000 -1000 -10 21.861170
Car -1 -1 -1.570800 757 190 926 335 -1 -1 -1 -1000 -1000 -1000 -10 20.383944
Car -1 -1 1.885000 680 185 828 275 -1 -1 -1 -1000 -1000 -1000 -10 18.738640
Car -1 -1 0.314200 601 171 696 204 -1 -1 -1 -1000 -1000 -1000 -10 9.076819
Car -1 -1 -1.570800 706 219 770 274 -1 -1 -1 -1000 -1000 -1000 -10 8.723375
Car -1 -1 1.885000 512 181 575 219 -1 -1 -1 -1000 -1000 -1000 -10 8.043093
Car -1 -1 1.256600 568 169 607 193 -1 -1 -1 -1000 -1000 -1000 -10 6.060742
Car -1 -1 -1.256600 286 174 410 252 -1 -1 -1 -1000 -1000 -1000 -10 5.847629
Car -1 -1 0.314200 587 176 1102 355 -1 -1 -1 -1000 -1000 -1000 -10 3.190125
Car -1 -1 1.885000 246 173 337 228 -1 -1 -1 -1000 -1000 -1000 -10 3.037992
