Car -1 -1 1.885000 398 193 470 237 -1 -1 -1 -1000 -1000 -1000 -10 36.381241
Car -1 -1 -0.942500 459 180 532 213 -1 -1 -1 -1000 -1000 -1000 -10 20.623102
Car -1 -1 1.570800 659 177 710 218 -1 -1 -1 -1000 -1000 -1000 -10 16.562817
Car -1 -1 0.942500 104 203 189 241 -1 -1 -1 -1000 -1000 -1000 -10 16.039085
Car -1 -1 -1.256600 437 190 494 226 -1 -1 -1 -1000 -1000 -1000 -10 14.943803
Car -1 -1 2.199100 1018 137 1117 181 -1 -1 -1 -1000 -1000 -1000 -10 12.662986
Car -1 -1 -1.570800 1060 140 1098 173 -1 -1 -1 -1000 -1000 -1000 -10 5.687336
Car -1 -1 -1.256600 13 210 74 248 -1 -1 -1 -1000 -1000 -1000 -10 4.240797
Car -1 -1 1.256600 87 208 131 235 -1 -1 -1 -1000 -1000 -1000 -10 3.973790
Car -1 -1 -1.256600 56 208 109 241 -1 -1 -1 -1000 -1000 -1000 -10 1.324076
