Car -1 -1 2.199100 209 193 411 283 -1 -1 -1 -1000 -1000 -1000 -10 33.017693
Car -1 -1 1.885000 499 181 540 206 -1 -1 -1 -1000 -1000 -1000 -10 22.009842
Car -1 -1 1.885000 341 188 445 251 -1 -1 -1 -1000 -1000 -1000 -10 20.981924
Car -1 -1 1.570800 686 182 744 229 -1 -1 -1 -1000 -1000 -1000 -10 20.410677
Car -1 -1 1.885000 717 178 865 268 -1 -1 -1 -1000 -1000 -1000 -10 19.650284
Car -1 -1 -2.827400 417 187 520 225 -1 -1 -1 -1000 -1000 -1000 -10 13.941875
Car -1 -1 -0.628300 630 177 718 210 -1 -1 -1 -1000 -1000 -1000 -10 13.575989
Car -1 -1 2.513300 715 177 1184 343 -1 -1 -1 -1000 -1000 -1000 -10 11.961998
Car -1 -1 -3.141600 635 176 790 235 -1 -1 -1 -1000 -1000 -1000 -10 10.731320
Car -1 -1 -0.314200 872 185 1115 275 -1 -1 -1 -1000 -1000 -1000 -10 5.032351
Car -1 -1 1.885000 560 175 599 199 -1 -1 -1 -1000 -1000 -1000 -10 4.708188
Car -1 -1 0.942500 48 178 153 225 -1 -1 -1 -1000 -1000 -1000 -10 3.465414
