Car -1 -1 2.199100 311 178 452 241 -1 -1 -1 -1000 -1000 -1000 -10 47.312737
Car -1 -1 -2.199100 483 178 551 209 -1 -1 -1 -1000 -1000 -1000 -10 36.763111
Car -1 -1 -0.314200 116 179 311 251 -1 -1 -1 -1000 -1000 -1000 -10 22.631155
Car -1 -1 -1.570800 584 173 662 240 -1 -1 -1 -1000 -1000 -1000 -10 21.294281
Car -1 -1 0.942500 696 176 828 235 -1 -1 -1 -1000 -1000 -1000 -10 16.817375
Car -1 -1 1.885000 760 195 870 262 -1 -1 -1 -1000 -1000 -1000 -10 9.265332
Car -1 -1 2.513300 -45 199 189 282 -1 -1 -1 -1000 -1000 -1000 -10 9.117750
Car -1 -1 -1.256600 841 201 929 256 -1 -1 -1 -1000 -1000 -1000 -10 8.362049
Car -1 -1 -1.570800 356 182 411 229 -1 -1 -1 -1000 -1000 -1000 -10 3.831821
Car -1 -1 1.570800 332 200 386 244 -1 -1 -1 -1000 -1000 -1000 -10 3.031559
