Car -1 -1 -2.827400 608 181 686 210 -1 -1 -1 -1000 -1000 -1000 -10 38.764473
Car -1 -1 1.885000 410 185 558 275 -1 -1 -1 -1000 -1000 -1000 -10 27.305527
Car -1 -1 -2.827400 676 179 741 203 -1 -1 -1 -1000 -1000 -1000 -10 25.263329
Car -1 -1 1.570800 656 178 689 205 -1 -1 -1 -1000 -1000 -1000 -10 19.113394
Car -1 -1 1.256600 536 173 627 228 -1 -1 -1 -1000 -1000 -1000 -10 16.528320
Car -1 -1 1.885000 524 218 575 249 -1 -1 -1 -1000 -1000 -1000 -10 7.003820
Car -1 -1 -1.570800 637 179 665 203 -1 -1 -1 -1000 -1000 -1000 -10 4.209047
Car -1 -1 1.570800 508 181 581 240 -1 -1 -1 -1000 -1000 -1000 -10 2.551890
Car -1 -1 -0.314200 560 207 625 231 -1 -1 -1 -1000 -1000 -1000 -10 1.474268
Car -1 -1 -0.314200 452 164 676 247 -1 -1 -1 -1000 -1000 -1000 -10 0.571112
