Car -1 -1 2.51 165.92 173.55 283.14 214.41 -1 -1 -1 -1000 -1000 -1000 -10 40.16 
Car -1 -1 -2.83 388.56 173.04 457.01 197.76 -1 -1 -1 -1000 -1000 -1000 -10 27.52 
Car -1 -1 2.51 111.91 183.25 206.79 216.20 -1 -1 -1 -1000 -1000 -1000 -10 23.09 
Car -1 -1 -0.94 1076.60 163.50 1128.39 186.50 -1 -1 -1 -1000 -1000 -1000 -10 14.20 
Car -1 -1 1.88 277.25 173.50 315.75 196.50 -1 -1 -1 -1000 -1000 -1000 -10 11.81 
Car -1 -1 1.26 804.14 162.77 848.56 189.37 -1 -1 -1 -1000 -1000 -1000 -10 11.47 
Car -1 -1 2.51 835.11 173.50 901.88 196.50 -1 -1 -1 -1000 -1000 -1000 -10 11.37 
Car -1 -1 -2.20 1148.60 167.50 1200.39 190.50 -1 -1 -1 -1000 -1000 -1000 -10 9.01 
Car -1 -1 1.88 994.96 125.50 1113.34 197.04 -1 -1 -1 -1000 -1000 -1000 -10 6.38 
Car -1 -1 -0.94 863.19 165.07 922.90 191.67 -1 -1 -1 -1000 -1000 -1000 -10 4.89 
Car -1 -1 2.20 190.82 175.18 247.53 199.90 -1 -1 -1 -1000 -1000 -1000 -10 4.35 
Car -1 -1 1.26 1006.50 160.47 1050.92 187.07 -1 -1 -1 -1000 -1000 -1000 -10 3.82 
Car -1 -1 -2.20 1188.60 165.50 1240.39 188.50 -1 -1 -1 -1000 -1000 -1000 -10 3.38 
Car -1 -1 -1.26 1035.80 127.50 1073.11 150.50 -1 -1 -1 -1000 -1000 -1000 -10 2.32 
Car -1 -1 1.88 355.25 173.50 393.75 196.50 -1 -1 -1 -1000 -1000 -1000 -10 0.75 
