Car -1 -1 2.51 362.90 173.98 445.24 202.49 -1 -1 -1 -1000 -1000 -1000 -10 41.32 
Car -1 -1 2.20 200.53 181.43 281.30 216.87 -1 -1 -1 -1000 -1000 -1000 -10 31.85 
Car -1 -1 2.83 486.60 171.50 554.41 194.50 -1 -1 -1 -1000 -1000 -1000 -10 18.05 
Car -1 -1 2.83 315.69 177.32 388.43 202.04 -1 -1 -1 -1000 -1000 -1000 -10 16.89 
Car -1 -1 1.26 795.25 161.50 833.75 184.50 -1 -1 -1 -1000 -1000 -1000 -10 15.49 
Car -1 -1 -1.57 873.04 163.50 899.97 186.50 -1 -1 -1 -1000 -1000 -1000 -10 6.55 
Car -1 -1 -2.83 836.93 154.30 915.63 182.81 -1 -1 -1 -1000 -1000 -1000 -10 6.54 
Car -1 -1 -1.26 968.58 155.15 1018.14 185.83 -1 -1 -1 -1000 -1000 -1000 -10 5.17 
Car -1 -1 -1.57 948.74 141.85 1038.78 219.09 -1 -1 -1 -1000 -1000 -1000 -10 2.78 
Car -1 -1 -1.57 1094.20 140.89 1123.12 165.61 -1 -1 -1 -1000 -1000 -1000 -10 2.37 
Car -1 -1 -1.26 246.31 181.61 286.36 206.33 -1 -1 -1 -1000 -1000 -1000 -10 1.34 
Car -1 -1 -2.51 1109.10 159.50 1171.89 182.50 -1 -1 -1 -1000 -1000 -1000 -10 0.26 
