Car -1 -1 -1.57 638.03 180.42 676.54 213.37 -1 -1 -1 -1000 -1000 -1000 -10 51.41 
Car -1 -1 -2.83 56.00 155.81 397.49 281.63 -1 -1 -1 -1000 -1000 -1000 -10 19.32 
Car -1 -1 -1.57 621.04 175.50 647.97 198.50 -1 -1 -1 -1000 -1000 -1000 -10 17.68 
Car -1 -1 -2.83 363.87 180.52 475.93 221.38 -1 -1 -1 -1000 -1000 -1000 -10 17.66 
Car -1 -1 -1.88 866.88 180.64 1040.84 289.26 -1 -1 -1 -1000 -1000 -1000 -10 13.88 
Car -1 -1 -1.26 960.01 193.12 1102.73 282.17 -1 -1 -1 -1000 -1000 -1000 -10 9.36 
Car -1 -1 -0.31 901.44 187.50 1243.29 313.32 -1 -1 -1 -1000 -1000 -1000 -10 9.12 
Car -1 -1 -0.31 726.94 167.84 922.03 239.38 -1 -1 -1 -1000 -1000 -1000 -10 8.98 
Car -1 -1 -1.26 41.47 198.06 242.89 323.88 -1 -1 -1 -1000 -1000 -1000 -10 4.81 
Car -1 -1 -0.31 334.98 171.88 559.11 254.16 -1 -1 -1 -1000 -1000 -1000 -10 3.88 
Car -1 -1 -0.31 420.46 178.92 505.10 209.60 -1 -1 -1 -1000 -1000 -1000 -10 3.41 
Car -1 -1 1.88 764.04 170.55 841.79 217.40 -1 -1 -1 -1000 -1000 -1000 -10 2.46 
Car -1 -1 -1.88 886.20 187.50 967.24 237.90 -1 -1 -1 -1000 -1000 -1000 -10 1.67 
Car -1 -1 -1.26 1139.50 252.44 1200.69 290.40 -1 -1 -1 -1000 -1000 -1000 -10 0.27 
Car -1 -1 -1.26 232.07 163.12 374.79 252.17 -1 -1 -1 -1000 -1000 -1000 -10 0.06 
Car -1 -1 -1.26 494.32 174.27 537.37 200.87 -1 -1 -1 -1000 -1000 -1000 -10 0.00 
