Car -1 -1 1.88 254.13 192.71 390.19 274.99 -1 -1 -1 -1000 -1000 -1000 -10 60.39 
Car -1 -1 1.88 357.08 192.10 446.93 246.30 -1 -1 -1 -1000 -1000 -1000 -10 38.88 
Car -1 -1 1.88 421.15 178.52 498.90 225.37 -1 -1 -1 -1000 -1000 -1000 -10 32.52 
Car -1 -1 -1.57 686.02 173.40 763.83 240.13 -1 -1 -1 -1000 -1000 -1000 -10 24.61 
Car -1 -1 -1.57 500.48 181.61 529.40 206.33 -1 -1 -1 -1000 -1000 -1000 -10 17.62 
Car -1 -1 -1.26 389.90 220.18 429.95 244.90 -1 -1 -1 -1000 -1000 -1000 -10 12.24 
Car -1 -1 1.88 527.25 175.50 565.75 198.50 -1 -1 -1 -1000 -1000 -1000 -10 7.05 
Car -1 -1 -1.57 443.97 196.11 477.31 224.62 -1 -1 -1 -1000 -1000 -1000 -10 5.77 
Car -1 -1 1.57 556.21 175.50 584.78 198.50 -1 -1 -1 -1000 -1000 -1000 -10 4.91 
Car -1 -1 -1.26 404.91 194.46 444.96 219.18 -1 -1 -1 -1000 -1000 -1000 -10 4.83 
Car -1 -1 -2.20 1105.40 136.89 1225.83 191.09 -1 -1 -1 -1000 -1000 -1000 -10 4.45 
Car -1 -1 -1.26 324.12 199.58 367.17 226.18 -1 -1 -1 -1000 -1000 -1000 -10 1.38 
Car -1 -1 1.88 463.61 181.56 514.75 212.24 -1 -1 -1 -1000 -1000 -1000 -10 1.36 
Car -1 -1 1.26 682.11 166.24 741.08 201.68 -1 -1 -1 -1000 -1000 -1000 -10 0.50 
