Car -1 -1 1.88 393.07 184.68 503.53 251.41 -1 -1 -1 -1000 -1000 -1000 -10 55.06 
Car -1 -1 -1.88 671.38 179.04 778.48 245.77 -1 -1 -1 -1000 -1000 -1000 -10 43.89 
Car -1 -1 -1.57 647.18 174.44 698.26 218.20 -1 -1 -1 -1000 -1000 -1000 -10 36.26 
Car -1 -1 -1.88 762.18 177.08 1027.02 342.64 -1 -1 -1 -1000 -1000 -1000 -10 30.08 
Car -1 -1 -1.26 100.79 166.19 425.78 369.43 -1 -1 -1 -1000 -1000 -1000 -10 28.66 
Car -1 -1 2.20 434.35 172.32 515.12 207.76 -1 -1 -1 -1000 -1000 -1000 -10 10.37 
Car -1 -1 -1.26 154.55 189.79 328.51 298.41 -1 -1 -1 -1000 -1000 -1000 -10 4.89 
Car -1 -1 -1.88 769.65 185.76 901.57 268.04 -1 -1 -1 -1000 -1000 -1000 -10 2.61 
Car -1 -1 1.57 542.21 169.50 570.78 192.50 -1 -1 -1 -1000 -1000 -1000 -10 1.87 
Car -1 -1 -1.26 847.85 245.50 885.16 268.50 -1 -1 -1 -1000 -1000 -1000 -10 1.81 
Car -1 -1 -2.83 799.55 266.45 896.96 301.89 -1 -1 -1 -1000 -1000 -1000 -10 1.80 
