Car -1 -1 -1.57 566.94 176.43 600.28 204.94 -1 -1 -1 -1000 -1000 -1000 -10 51.77 
Car -1 -1 -1.57 673.82 177.76 718.16 215.72 -1 -1 -1 -1000 -1000 -1000 -10 39.44 
Car -1 -1 -1.26 337.44 176.94 538.86 302.76 -1 -1 -1 -1000 -1000 -1000 -10 36.05 
Car -1 -1 -1.88 731.25 171.54 1035.36 361.70 -1 -1 -1 -1000 -1000 -1000 -10 35.41 
Car -1 -1 -1.26 436.32 187.50 560.20 264.74 -1 -1 -1 -1000 -1000 -1000 -10 18.43 
Car -1 -1 -1.57 654.80 177.32 683.72 202.04 -1 -1 -1 -1000 -1000 -1000 -10 7.57 
Car -1 -1 -1.88 774.14 181.52 926.08 276.34 -1 -1 -1 -1000 -1000 -1000 -10 5.74 
Car -1 -1 -1.57 716.82 178.12 820.59 267.17 -1 -1 -1 -1000 -1000 -1000 -10 4.53 
Car -1 -1 -1.57 389.94 185.99 473.34 257.53 -1 -1 -1 -1000 -1000 -1000 -10 2.78 
Car -1 -1 -1.57 481.37 184.46 522.77 219.90 -1 -1 -1 -1000 -1000 -1000 -10 1.21 
