Car -1 -1 -1.57 588.36 173.04 617.28 197.76 -1 -1 -1 -1000 -1000 -1000 -10 58.03 
Car -1 -1 -1.88 689.34 178.88 853.52 281.37 -1 -1 -1 -1000 -1000 -1000 -10 39.96 
Car -1 -1 -1.57 633.69 176.57 664.81 203.17 -1 -1 -1 -1000 -1000 -1000 -10 29.76 
Car -1 -1 -1.88 788.20 190.73 1034.97 344.97 -1 -1 -1 -1000 -1000 -1000 -10 27.68 
Car -1 -1 -1.57 658.37 178.17 709.45 221.93 -1 -1 -1 -1000 -1000 -1000 -10 25.82 
Car -1 -1 1.57 490.85 178.52 548.81 225.37 -1 -1 -1 -1000 -1000 -1000 -10 16.54 
Car -1 -1 -1.57 689.80 172.98 762.58 235.39 -1 -1 -1 -1000 -1000 -1000 -10 9.01 
Car -1 -1 0.31 375.56 181.61 448.58 206.33 -1 -1 -1 -1000 -1000 -1000 -10 7.21 
Car -1 -1 0.31 287.69 181.61 360.71 206.33 -1 -1 -1 -1000 -1000 -1000 -10 4.93 
Car -1 -1 -1.57 665.04 201.50 691.97 224.50 -1 -1 -1 -1000 -1000 -1000 -10 3.12 
Car -1 -1 -1.57 826.21 200.56 877.29 244.32 -1 -1 -1 -1000 -1000 -1000 -10 2.59 
