Car -1 -1 1.57 536.41 173.98 571.77 202.49 -1 -1 -1 -1000 -1000 -1000 -10 59.49 
Car -1 -1 1.88 282.17 194.90 475.88 312.21 -1 -1 -1 -1000 -1000 -1000 -10 50.10 
Car -1 -1 -1.88 706.59 170.26 870.77 272.75 -1 -1 -1 -1000 -1000 -1000 -10 38.78 
Car -1 -1 1.57 459.98 167.84 548.36 239.38 -1 -1 -1 -1000 -1000 -1000 -10 36.16 
Car -1 -1 -1.88 845.45 190.97 1110.29 356.53 -1 -1 -1 -1000 -1000 -1000 -10 35.80 
Car -1 -1 -1.57 642.83 170.99 678.69 201.67 -1 -1 -1 -1000 -1000 -1000 -10 14.23 
Car -1 -1 -1.57 668.16 180.52 715.87 221.38 -1 -1 -1 -1000 -1000 -1000 -10 11.80 
Car -1 -1 -1.57 692.98 200.04 728.84 230.72 -1 -1 -1 -1000 -1000 -1000 -10 10.28 
Car -1 -1 -1.57 695.09 178.26 767.88 240.67 -1 -1 -1 -1000 -1000 -1000 -10 5.37 
Car -1 -1 -1.88 1095.80 299.50 1133.11 322.50 -1 -1 -1 -1000 -1000 -1000 -10 4.58 
