Car -1 -1 -1.57 618.50 173.07 647.43 197.79 -1 -1 -1 -1000 -1000 -1000 -10 16.61 
Car -1 -1 -1.57 548.01 171.10 599.23 214.98 -1 -1 -1 -1000 -1000 -1000 -10 11.54 
Car -1 -1 -1.57 953.04 263.50 979.97 286.50 -1 -1 -1 -1000 -1000 -1000 -10 5.05 
Car -1 -1 -1.88 1039.80 103.50 1077.11 126.50 -1 -1 -1 -1000 -1000 -1000 -10 4.95 
Car -1 -1 -1.57 1177.20 260.06 1224.76 300.79 -1 -1 -1 -1000 -1000 -1000 -10 3.08 
Car -1 -1 -1.57 610.07 167.00 664.92 214.00 -1 -1 -1 -1000 -1000 -1000 -10 2.82 
Car -1 -1 -1.57 1157.70 182.32 1208.92 226.20 -1 -1 -1 -1000 -1000 -1000 -10 2.36 
Car -1 -1 -1.57 1165.00 249.50 1191.93 272.50 -1 -1 -1 -1000 -1000 -1000 -10 2.16 
Car -1 -1 -1.57 1163.00 205.50 1189.93 228.50 -1 -1 -1 -1000 -1000 -1000 -10 2.01 
Car -1 -1 -1.57 864.40 145.70 927.43 199.73 -1 -1 -1 -1000 -1000 -1000 -10 1.60 
