Car -1 -1 -1.26 193.92 191.24 441.67 346.09 -1 -1 -1 -1000 -1000 -1000 -10 46.99 
Car -1 -1 -1.57 557.93 180.63 625.56 238.61 -1 -1 -1 -1000 -1000 -1000 -10 42.06 
Car -1 -1 -1.57 496.09 178.65 547.35 222.57 -1 -1 -1 -1000 -1000 -1000 -10 40.86 
Car -1 -1 -1.26 387.01 176.83 528.73 265.25 -1 -1 -1 -1000 -1000 -1000 -10 22.01 
Car -1 -1 -1.26 364.56 178.23 425.94 216.31 -1 -1 -1 -1000 -1000 -1000 -10 21.71 
Car -1 -1 -1.88 144.84 177.32 307.70 278.99 -1 -1 -1 -1000 -1000 -1000 -10 14.50 
Car -1 -1 -1.26 173.99 186.85 260.85 240.90 -1 -1 -1 -1000 -1000 -1000 -10 7.64 
Car -1 -1 -1.26 310.74 183.05 363.88 215.97 -1 -1 -1 -1000 -1000 -1000 -10 6.89 
Car -1 -1 -1.88 407.76 178.65 478.45 222.57 -1 -1 -1 -1000 -1000 -1000 -10 6.60 
Car -1 -1 -1.57 470.45 178.80 501.57 205.40 -1 -1 -1 -1000 -1000 -1000 -10 5.62 
Car -1 -1 -1.57 149.19 205.20 212.24 259.25 -1 -1 -1 -1000 -1000 -1000 -10 5.44 
Car -1 -1 -1.26 254.41 204.68 369.62 276.49 -1 -1 -1 -1000 -1000 -1000 -10 1.84 
Car -1 -1 -1.57 535.04 179.50 561.97 202.50 -1 -1 -1 -1000 -1000 -1000 -10 0.98 
