Car -1 -1 2.83 804.92 162.41 985.72 224.82 -1 -1 -1 -1000 -1000 -1000 -10 51.32 
Car -1 -1 1.88 304.87 193.12 452.06 282.17 -1 -1 -1 -1000 -1000 -1000 -10 44.12 
Car -1 -1 -1.57 657.70 180.52 705.41 221.38 -1 -1 -1 -1000 -1000 -1000 -10 44.06 
Car -1 -1 1.88 475.24 183.47 519.66 210.07 -1 -1 -1 -1000 -1000 -1000 -10 32.45 
Car -1 -1 -1.26 425.36 184.01 491.18 224.87 -1 -1 -1 -1000 -1000 -1000 -10 19.53 
Car -1 -1 2.83 740.66 166.57 859.69 207.43 -1 -1 -1 -1000 -1000 -1000 -10 13.45 
Car -1 -1 -0.31 910.52 157.13 1080.94 219.54 -1 -1 -1 -1000 -1000 -1000 -10 12.11 
Car -1 -1 -1.57 963.04 179.50 989.97 202.50 -1 -1 -1 -1000 -1000 -1000 -10 8.41 
Car -1 -1 1.88 501.25 181.50 539.75 204.50 -1 -1 -1 -1000 -1000 -1000 -10 5.93 
Car -1 -1 -0.31 974.61 156.76 1053.39 185.27 -1 -1 -1 -1000 -1000 -1000 -10 5.88 
Car -1 -1 -0.94 808.67 190.54 887.82 225.98 -1 -1 -1 -1000 -1000 -1000 -10 4.17 
Car -1 -1 -1.88 936.24 157.78 989.43 190.73 -1 -1 -1 -1000 -1000 -1000 -10 3.24 
Car -1 -1 -1.26 330.85 238.11 417.96 292.31 -1 -1 -1 -1000 -1000 -1000 -10 2.79 
Car -1 -1 -2.20 861.45 181.01 946.16 218.97 -1 -1 -1 -1000 -1000 -1000 -10 2.51 
Car -1 -1 -1.26 47.31 221.41 199.25 316.23 -1 -1 -1 -1000 -1000 -1000 -10 0.21 
