Car -1 -1 -1.88 663.92 182.00 816.24 277.06 -1 -1 -1 -1000 -1000 -1000 -10 54.93 
Car -1 -1 -1.57 537.89 180.17 585.50 220.94 -1 -1 -1 -1000 -1000 -1000 -10 52.60 
Car -1 -1 -1.26 302.96 186.48 418.17 258.29 -1 -1 -1 -1000 -1000 -1000 -10 39.48 
Car -1 -1 -1.57 461.25 183.40 492.37 210.00 -1 -1 -1 -1000 -1000 -1000 -10 35.23 
Car -1 -1 -1.26 386.14 188.00 467.40 238.54 -1 -1 -1 -1000 -1000 -1000 -10 33.33 
Car -1 -1 -1.26 173.76 165.37 306.26 248.01 -1 -1 -1 -1000 -1000 -1000 -10 15.76 
Car -1 -1 1.88 178.75 278.24 262.57 328.78 -1 -1 -1 -1000 -1000 -1000 -10 11.68 
Car -1 -1 1.88 350.41 175.11 409.27 210.48 -1 -1 -1 -1000 -1000 -1000 -10 10.05 
Car -1 -1 -1.57 428.88 184.21 470.20 219.58 -1 -1 -1 -1000 -1000 -1000 -10 8.38 
Car -1 -1 -1.57 383.04 227.50 409.97 250.50 -1 -1 -1 -1000 -1000 -1000 -10 6.88 
Car -1 -1 -0.94 -37.61 191.48 329.35 357.76 -1 -1 -1 -1000 -1000 -1000 -10 5.87 
Car -1 -1 -1.88 231.01 171.72 292.39 209.80 -1 -1 -1 -1000 -1000 -1000 -10 4.70 
Car -1 -1 -1.26 55.56 275.84 95.61 300.56 -1 -1 -1 -1000 -1000 -1000 -10 3.87 
Car -1 -1 -1.57 301.59 205.44 342.91 240.81 -1 -1 -1 -1000 -1000 -1000 -10 1.56 
Car -1 -1 -0.31 91.76 155.84 411.58 273.51 -1 -1 -1 -1000 -1000 -1000 -10 1.07 
Car -1 -1 -1.26 716.79 188.00 798.05 238.54 -1 -1 -1 -1000 -1000 -1000 -10 0.27 
