Car -1 -1 1.57 486.86 178.52 544.82 225.37 -1 -1 -1 -1000 -1000 -1000 -10 63.70 
Car -1 -1 -1.88 711.63 180.64 885.59 289.26 -1 -1 -1 -1000 -1000 -1000 -10 42.23 
Car -1 -1 1.57 526.95 178.87 559.96 205.47 -1 -1 -1 -1000 -1000 -1000 -10 41.31 
Car -1 -1 1.26 627.16 175.18 668.49 199.90 -1 -1 -1 -1000 -1000 -1000 -10 21.83 
Car -1 -1 -1.88 859.32 204.86 1124.16 370.42 -1 -1 -1 -1000 -1000 -1000 -10 12.40 
Car -1 -1 -1.57 675.05 149.60 785.55 244.42 -1 -1 -1 -1000 -1000 -1000 -10 11.71 
Car -1 -1 1.88 537.34 171.97 581.76 198.57 -1 -1 -1 -1000 -1000 -1000 -10 10.26 
Car -1 -1 -1.57 661.04 191.50 687.97 214.50 -1 -1 -1 -1000 -1000 -1000 -10 7.81 
Car -1 -1 -1.88 745.32 186.27 838.89 244.52 -1 -1 -1 -1000 -1000 -1000 -10 4.90 
Car -1 -1 -1.57 706.23 211.61 735.15 236.33 -1 -1 -1 -1000 -1000 -1000 -10 4.50 
Car -1 -1 -0.31 986.56 223.50 1050.44 246.50 -1 -1 -1 -1000 -1000 -1000 -10 2.51 
Car -1 -1 -2.83 831.36 197.97 943.42 238.83 -1 -1 -1 -1000 -1000 -1000 -10 0.79 
