Car -1 -1 -1.26 485.17 178.82 617.09 261.10 -1 -1 -1 -1000 -1000 -1000 -10 43.39 
Car -1 -1 -1.57 724.34 166.60 757.68 195.11 -1 -1 -1 -1000 -1000 -1000 -10 37.02 
Car -1 -1 2.20 341.06 184.25 427.50 222.21 -1 -1 -1 -1000 -1000 -1000 -10 31.68 
Car -1 -1 1.88 469.25 181.50 507.75 204.50 -1 -1 -1 -1000 -1000 -1000 -10 30.43 
Car -1 -1 -1.57 661.29 169.67 692.41 196.27 -1 -1 -1 -1000 -1000 -1000 -10 22.07 
Car -1 -1 1.88 1171.50 153.75 1212.83 178.47 -1 -1 -1 -1000 -1000 -1000 -10 20.74 
Car -1 -1 1.88 1137.30 155.89 1178.62 180.61 -1 -1 -1 -1000 -1000 -1000 -10 15.36 
Car -1 -1 1.88 1041.30 157.50 1079.80 180.50 -1 -1 -1 -1000 -1000 -1000 -10 13.05 
Car -1 -1 0.63 -26.13 192.04 176.25 263.58 -1 -1 -1 -1000 -1000 -1000 -10 9.85 
Car -1 -1 1.88 1105.30 155.50 1143.80 178.50 -1 -1 -1 -1000 -1000 -1000 -10 8.64 
Car -1 -1 -1.57 329.04 177.50 355.97 200.50 -1 -1 -1 -1000 -1000 -1000 -10 7.66 
Car -1 -1 1.88 547.72 143.65 666.10 215.19 -1 -1 -1 -1000 -1000 -1000 -10 2.15 
Car -1 -1 -1.57 635.51 181.61 664.43 206.33 -1 -1 -1 -1000 -1000 -1000 -10 0.55 
