Car -1 -1 -1.57 665.89 171.97 697.01 198.57 -1 -1 -1 -1000 -1000 -1000 -10 37.16 
Car -1 -1 -0.94 436.07 181.33 565.40 239.58 -1 -1 -1 -1000 -1000 -1000 -10 36.57 
Car -1 -1 2.20 24.39 192.04 186.17 263.58 -1 -1 -1 -1000 -1000 -1000 -10 30.33 
Car -1 -1 1.88 320.41 162.41 423.77 224.82 -1 -1 -1 -1000 -1000 -1000 -10 23.70 
Car -1 -1 1.57 1172.60 153.75 1203.29 178.47 -1 -1 -1 -1000 -1000 -1000 -10 18.36 
Car -1 -1 -1.57 724.34 161.68 757.68 190.19 -1 -1 -1 -1000 -1000 -1000 -10 16.36 
Car -1 -1 -1.26 123.85 192.10 210.96 246.30 -1 -1 -1 -1000 -1000 -1000 -10 15.84 
Car -1 -1 1.88 1132.90 154.30 1180.47 182.81 -1 -1 -1 -1000 -1000 -1000 -10 15.69 
Car -1 -1 1.88 1041.30 157.50 1079.80 180.50 -1 -1 -1 -1000 -1000 -1000 -10 10.56 
Car -1 -1 1.88 1109.40 153.75 1150.73 178.47 -1 -1 -1 -1000 -1000 -1000 -10 9.62 
Car -1 -1 -1.57 687.04 169.50 713.97 192.50 -1 -1 -1 -1000 -1000 -1000 -10 5.54 
Car -1 -1 1.88 378.97 177.03 446.87 217.89 -1 -1 -1 -1000 -1000 -1000 -10 3.42 
Car -1 -1 -1.57 513.55 197.41 552.06 230.36 -1 -1 -1 -1000 -1000 -1000 -10 2.41 
Car -1 -1 -1.57 788.07 157.14 829.47 192.58 -1 -1 -1 -1000 -1000 -1000 -10 2.08 
Car -1 -1 -1.57 168.51 196.11 201.85 224.62 -1 -1 -1 -1000 -1000 -1000 -10 1.22 
Car -1 -1 -1.88 273.85 191.50 311.16 214.50 -1 -1 -1 -1000 -1000 -1000 -10 0.62 
