Car -1 -1 -1.57 634.91 178.92 670.77 209.60 -1 -1 -1 -1000 -1000 -1000 -10 34.40 
Car -1 -1 -2.20 759.34 178.93 871.40 229.33 -1 -1 -1 -1000 -1000 -1000 -10 32.63 
Car -1 -1 -2.83 92.29 178.12 334.46 267.17 -1 -1 -1 -1000 -1000 -1000 -10 28.99 
Car -1 -1 -1.57 612.99 174.27 644.11 200.87 -1 -1 -1 -1000 -1000 -1000 -10 23.12 
Car -1 -1 -1.26 344.04 161.79 458.81 233.33 -1 -1 -1 -1000 -1000 -1000 -10 13.43 
Car -1 -1 -1.26 449.62 177.59 502.81 210.54 -1 -1 -1 -1000 -1000 -1000 -10 8.00 
Car -1 -1 1.26 476.81 173.64 527.95 204.32 -1 -1 -1 -1000 -1000 -1000 -10 7.84 
Car -1 -1 -0.31 419.76 174.53 548.12 221.38 -1 -1 -1 -1000 -1000 -1000 -10 5.35 
Car -1 -1 -1.26 271.51 185.99 386.28 257.53 -1 -1 -1 -1000 -1000 -1000 -10 5.09 
Car -1 -1 1.88 244.77 166.98 317.44 210.74 -1 -1 -1 -1000 -1000 -1000 -10 4.84 
Car -1 -1 -0.31 133.00 164.87 551.67 319.11 -1 -1 -1 -1000 -1000 -1000 -10 1.29 
