Car -1 -1 -1.57 624.79 170.89 653.71 195.61 -1 -1 -1 -1000 -1000 -1000 -10 43.42 
Car -1 -1 1.57 654.94 173.64 692.97 204.32 -1 -1 -1 -1000 -1000 -1000 -10 39.91 
Car -1 -1 1.88 281.88 185.76 417.94 268.04 -1 -1 -1 -1000 -1000 -1000 -10 35.89 
Car -1 -1 2.20 91.51 194.02 266.09 271.26 -1 -1 -1 -1000 -1000 -1000 -10 30.56 
Car -1 -1 1.88 241.72 186.50 319.47 233.35 -1 -1 -1 -1000 -1000 -1000 -10 26.72 
Car -1 -1 1.57 248.42 207.97 286.45 238.65 -1 -1 -1 -1000 -1000 -1000 -10 7.07 
Car -1 -1 1.57 674.21 171.50 702.78 194.50 -1 -1 -1 -1000 -1000 -1000 -10 6.19 
Car -1 -1 -0.94 104.89 232.95 189.60 270.91 -1 -1 -1 -1000 -1000 -1000 -10 4.22 
Car -1 -1 -1.26 989.85 153.50 1027.16 176.50 -1 -1 -1 -1000 -1000 -1000 -10 1.43 
Car -1 -1 1.88 119.25 225.50 157.75 248.50 -1 -1 -1 -1000 -1000 -1000 -10 1.33 
Car -1 -1 -0.31 191.54 197.28 265.16 223.88 -1 -1 -1 -1000 -1000 -1000 -10 0.94 
