Car -1 -1 3.14 575.61 163.12 811.71 252.17 -1 -1 -1 -1000 -1000 -1000 -10 50.44 
Car -1 -1 1.88 941.28 173.70 1031.13 227.90 -1 -1 -1 -1000 -1000 -1000 -10 44.62 
Car -1 -1 1.88 1108.10 166.57 1176.00 207.43 -1 -1 -1 -1000 -1000 -1000 -10 27.35 
Car -1 -1 1.88 1146.50 163.08 1214.40 203.94 -1 -1 -1 -1000 -1000 -1000 -10 21.44 
Car -1 -1 1.26 1004.80 174.64 1088.39 225.04 -1 -1 -1 -1000 -1000 -1000 -10 12.98 
Car -1 -1 -2.20 1182.90 174.27 1242.61 200.87 -1 -1 -1 -1000 -1000 -1000 -10 11.59 
Car -1 -1 -1.57 1000.60 190.54 1042.00 225.98 -1 -1 -1 -1000 -1000 -1000 -10 7.28 
Car -1 -1 -1.57 1169.00 179.50 1195.93 202.50 -1 -1 -1 -1000 -1000 -1000 -10 2.88 
Car -1 -1 -1.26 703.45 169.10 790.56 223.30 -1 -1 -1 -1000 -1000 -1000 -10 1.94 
Car -1 -1 -2.20 639.15 194.48 743.41 241.33 -1 -1 -1 -1000 -1000 -1000 -10 1.62 
