Car -1 -1 -1.26 292.10 170.62 434.82 259.67 -1 -1 -1 -1000 -1000 -1000 -10 16.26 
Car -1 -1 1.88 521.24 171.97 565.66 198.57 -1 -1 -1 -1000 -1000 -1000 -10 14.58 
Car -1 -1 -0.31 25.83 190.34 392.94 325.51 -1 -1 -1 -1000 -1000 -1000 -10 9.95 
Car -1 -1 -1.88 1040.40 144.05 1214.36 252.67 -1 -1 -1 -1000 -1000 -1000 -10 7.18 
Car -1 -1 1.26 389.25 174.53 467.00 221.38 -1 -1 -1 -1000 -1000 -1000 -10 3.77 
Car -1 -1 -1.57 663.95 168.35 699.81 199.03 -1 -1 -1 -1000 -1000 -1000 -10 2.60 
Car -1 -1 -1.57 955.04 161.50 981.97 184.50 -1 -1 -1 -1000 -1000 -1000 -10 2.59 
Car -1 -1 -1.88 136.42 187.50 260.30 264.74 -1 -1 -1 -1000 -1000 -1000 -10 2.03 
Car -1 -1 -1.57 1061.40 117.66 1102.80 153.10 -1 -1 -1 -1000 -1000 -1000 -10 1.76 
Car -1 -1 -1.57 736.45 163.21 777.85 198.65 -1 -1 -1 -1000 -1000 -1000 -10 1.56 
Car -1 -1 1.88 79.25 207.50 117.75 230.50 -1 -1 -1 -1000 -1000 -1000 -10 1.33 
Car -1 -1 -1.88 241.29 167.84 356.06 239.38 -1 -1 -1 -1000 -1000 -1000 -10 0.37 
Car -1 -1 1.26 1109.30 201.50 1147.80 224.50 -1 -1 -1 -1000 -1000 -1000 -10 0.03 
