Car -1 -1 -1.57 494.74 178.93 553.55 229.33 -1 -1 -1 -1000 -1000 -1000 -10 51.04 
Car -1 -1 -1.88 748.31 177.08 1013.15 342.64 -1 -1 -1 -1000 -1000 -1000 -10 45.23 
Car -1 -1 -1.57 684.05 181.33 751.99 239.58 -1 -1 -1 -1000 -1000 -1000 -10 27.88 
Car -1 -1 -1.88 700.26 178.82 832.18 261.10 -1 -1 -1 -1000 -1000 -1000 -10 21.86 
Car -1 -1 -1.57 635.04 179.50 661.97 202.50 -1 -1 -1 -1000 -1000 -1000 -10 8.64 
Car -1 -1 -1.57 651.04 187.50 677.97 210.50 -1 -1 -1 -1000 -1000 -1000 -10 5.36 
Car -1 -1 -1.88 489.85 205.50 527.16 228.50 -1 -1 -1 -1000 -1000 -1000 -10 4.30 
Car -1 -1 -1.26 513.85 203.50 551.16 226.50 -1 -1 -1 -1000 -1000 -1000 -10 4.08 
Car -1 -1 -2.83 1027.00 106.33 1131.22 144.29 -1 -1 -1 -1000 -1000 -1000 -10 4.03 
Car -1 -1 -1.88 645.62 178.52 721.00 225.37 -1 -1 -1 -1000 -1000 -1000 -10 2.35 
