Car -1 -1 -1.88 890.48 187.50 1194.59 377.66 -1 -1 -1 -1000 -1000 -1000 -10 37.47 
Car -1 -1 0.94 226.43 180.42 301.62 213.37 -1 -1 -1 -1000 -1000 -1000 -10 33.99 
Car -1 -1 2.83 673.92 168.35 763.75 199.03 -1 -1 -1 -1000 -1000 -1000 -10 28.58 
Car -1 -1 2.83 878.74 169.06 962.35 197.57 -1 -1 -1 -1000 -1000 -1000 -10 19.56 
Car -1 -1 -1.57 267.04 187.50 293.97 210.50 -1 -1 -1 -1000 -1000 -1000 -10 12.85 
Car -1 -1 -2.83 426.04 175.35 523.45 210.79 -1 -1 -1 -1000 -1000 -1000 -10 8.33 
Car -1 -1 -1.26 1163.90 160.43 1213.46 191.11 -1 -1 -1 -1000 -1000 -1000 -10 3.69 
Car -1 -1 1.88 575.25 169.50 613.75 192.50 -1 -1 -1 -1000 -1000 -1000 -10 3.38 
Car -1 -1 1.57 1106.20 165.50 1134.77 188.50 -1 -1 -1 -1000 -1000 -1000 -10 3.10 
Car -1 -1 1.57 726.78 168.75 757.47 193.47 -1 -1 -1 -1000 -1000 -1000 -10 1.51 
Car -1 -1 -1.26 904.97 196.12 1069.15 298.61 -1 -1 -1 -1000 -1000 -1000 -10 0.36 
