Car -1 -1 -1.57 605.24 178.26 678.02 240.67 -1 -1 -1 -1000 -1000 -1000 -10 48.29 
Car -1 -1 1.88 529.60 173.64 580.74 204.32 -1 -1 -1 -1000 -1000 -1000 -10 40.84 
Car -1 -1 -0.94 787.48 178.88 1014.12 281.37 -1 -1 -1 -1000 -1000 -1000 -10 38.06 
Car -1 -1 1.88 420.96 178.39 479.93 213.83 -1 -1 -1 -1000 -1000 -1000 -10 25.12 
Car -1 -1 1.88 214.82 185.62 362.01 274.67 -1 -1 -1 -1000 -1000 -1000 -10 24.55 
Car -1 -1 -1.57 221.99 222.95 273.07 266.71 -1 -1 -1 -1000 -1000 -1000 -10 13.63 
Car -1 -1 -1.57 655.04 173.50 681.97 196.50 -1 -1 -1 -1000 -1000 -1000 -10 4.50 
Car -1 -1 -1.88 110.15 187.50 171.34 225.46 -1 -1 -1 -1000 -1000 -1000 -10 3.70 
Car -1 -1 -1.57 457.62 179.46 486.55 204.18 -1 -1 -1 -1000 -1000 -1000 -10 3.41 
Car -1 -1 -1.57 421.04 191.50 447.97 214.50 -1 -1 -1 -1000 -1000 -1000 -10 1.46 
Car -1 -1 -2.20 506.60 183.50 558.39 206.50 -1 -1 -1 -1000 -1000 -1000 -10 1.39 
Car -1 -1 1.88 66.29 186.50 144.04 233.35 -1 -1 -1 -1000 -1000 -1000 -10 1.16 
