Car -1 -1 -1.57 635.80 173.98 669.14 202.49 -1 -1 -1 -1000 -1000 -1000 -10 54.06 
Car -1 -1 -1.88 775.26 203.66 1022.03 357.90 -1 -1 -1 -1000 -1000 -1000 -10 47.21 
Car -1 -1 -0.31 830.42 170.26 1109.19 272.75 -1 -1 -1 -1000 -1000 -1000 -10 16.70 
Car -1 -1 -2.83 428.04 174.76 518.73 207.71 -1 -1 -1 -1000 -1000 -1000 -10 15.08 
Car -1 -1 -1.88 766.29 178.93 847.33 229.33 -1 -1 -1 -1000 -1000 -1000 -10 13.52 
Car -1 -1 -1.26 181.95 171.49 355.91 280.11 -1 -1 -1 -1000 -1000 -1000 -10 7.98 
Car -1 -1 -1.57 710.79 169.10 774.02 223.30 -1 -1 -1 -1000 -1000 -1000 -10 5.46 
Car -1 -1 -1.57 330.36 179.04 408.17 245.77 -1 -1 -1 -1000 -1000 -1000 -10 5.23 
Car -1 -1 -0.31 272.27 170.62 514.69 259.67 -1 -1 -1 -1000 -1000 -1000 -10 4.85 
Car -1 -1 -1.57 533.04 171.50 559.97 194.50 -1 -1 -1 -1000 -1000 -1000 -10 1.58 
Car -1 -1 1.88 611.25 173.50 649.75 196.50 -1 -1 -1 -1000 -1000 -1000 -10 0.70 
