Car -1 -1 1.57 496.56 170.99 534.59 201.67 -1 -1 -1 -1000 -1000 -1000 -10 49.20 
Car -1 -1 1.88 364.12 181.90 436.79 225.66 -1 -1 -1 -1000 -1000 -1000 -10 48.28 
Car -1 -1 1.88 288.26 187.50 356.16 228.36 -1 -1 -1 -1000 -1000 -1000 -10 47.02 
Car -1 -1 2.20 123.64 196.13 255.60 254.38 -1 -1 -1 -1000 -1000 -1000 -10 41.11 
Car -1 -1 1.88 959.25 155.50 997.75 178.50 -1 -1 -1 -1000 -1000 -1000 -10 9.86 
Car -1 -1 1.57 428.05 171.97 461.06 198.57 -1 -1 -1 -1000 -1000 -1000 -10 8.56 
Car -1 -1 -1.57 331.04 201.50 357.97 224.50 -1 -1 -1 -1000 -1000 -1000 -10 7.21 
Car -1 -1 1.88 283.25 181.50 321.75 204.50 -1 -1 -1 -1000 -1000 -1000 -10 2.16 
Car -1 -1 -0.94 429.59 161.53 514.30 199.49 -1 -1 -1 -1000 -1000 -1000 -10 0.26 
Car -1 -1 1.88 97.84 133.52 320.94 268.69 -1 -1 -1 -1000 -1000 -1000 -10 0.11 
