Car -1 -1 -1.57 584.15 176.43 617.49 204.94 -1 -1 -1 -1000 -1000 -1000 -10 54.87 
Car -1 -1 -1.88 682.49 179.94 797.26 251.48 -1 -1 -1 -1000 -1000 -1000 -10 42.55 
Car -1 -1 1.88 388.43 184.25 451.56 222.21 -1 -1 -1 -1000 -1000 -1000 -10 42.03 
Car -1 -1 1.88 234.99 195.96 345.45 262.69 -1 -1 -1 -1000 -1000 -1000 -10 37.85 
Car -1 -1 -1.57 640.19 173.64 676.05 204.32 -1 -1 -1 -1000 -1000 -1000 -10 36.05 
Car -1 -1 1.88 319.60 187.50 403.19 237.90 -1 -1 -1 -1000 -1000 -1000 -10 31.21 
Car -1 -1 -1.57 667.92 182.51 722.60 229.36 -1 -1 -1 -1000 -1000 -1000 -10 30.03 
Car -1 -1 -1.57 613.79 170.99 649.65 201.67 -1 -1 -1 -1000 -1000 -1000 -10 9.69 
Car -1 -1 -1.57 669.80 209.46 698.72 234.18 -1 -1 -1 -1000 -1000 -1000 -10 7.28 
Car -1 -1 -1.88 695.17 217.86 752.33 253.30 -1 -1 -1 -1000 -1000 -1000 -10 4.48 
Car -1 -1 1.26 716.38 184.25 779.51 222.21 -1 -1 -1 -1000 -1000 -1000 -10 3.40 
Car -1 -1 -1.57 346.17 211.61 375.10 236.33 -1 -1 -1 -1000 -1000 -1000 -10 3.14 
Car -1 -1 -1.57 370.19 203.48 403.53 231.99 -1 -1 -1 -1000 -1000 -1000 -10 2.40 
Car -1 -1 -1.57 669.80 194.46 698.72 219.18 -1 -1 -1 -1000 -1000 -1000 -10 1.47 
