Car -1 -1 -1.57 572.50 174.57 610.97 207.49 -1 -1 -1 -1000 -1000 -1000 -10 58.21 
Car -1 -1 -1.26 275.21 191.72 416.93 280.14 -1 -1 -1 -1000 -1000 -1000 -10 43.42 
Car -1 -1 -1.26 416.20 183.70 497.46 234.24 -1 -1 -1 -1000 -1000 -1000 -10 41.52 
Car -1 -1 -0.94 134.19 175.71 262.92 233.69 -1 -1 -1 -1000 -1000 -1000 -10 20.36 
Car -1 -1 1.26 5.73 181.12 185.66 290.05 -1 -1 -1 -1000 -1000 -1000 -10 9.72 
Car -1 -1 -1.57 425.13 174.98 469.61 213.06 -1 -1 -1 -1000 -1000 -1000 -10 9.20 
Car -1 -1 -1.26 367.28 180.23 420.42 213.15 -1 -1 -1 -1000 -1000 -1000 -10 7.05 
Car -1 -1 -1.57 349.05 174.35 432.77 246.16 -1 -1 -1 -1000 -1000 -1000 -10 6.21 
Car -1 -1 -1.88 265.91 192.30 347.17 242.84 -1 -1 -1 -1000 -1000 -1000 -10 4.14 
Car -1 -1 1.88 118.60 223.00 196.65 270.03 -1 -1 -1 -1000 -1000 -1000 -10 3.12 
Car -1 -1 -1.57 244.03 199.87 279.86 230.52 -1 -1 -1 -1000 -1000 -1000 -10 3.06 
Car -1 -1 -1.88 173.32 181.12 347.78 290.05 -1 -1 -1 -1000 -1000 -1000 -10 2.68 
Car -1 -1 1.26 125.81 184.74 189.13 222.82 -1 -1 -1 -1000 -1000 -1000 -10 1.72 
Car -1 -1 -1.57 258.28 215.00 313.17 262.03 -1 -1 -1 -1000 -1000 -1000 -10 0.27 
Car -1 -1 1.26 95.84 184.21 154.70 219.58 -1 -1 -1 -1000 -1000 -1000 -10 0.12 
