Car -1 -1 -1.57 572.50 174.57 610.97 207.49 -1 -1 -1 -1000 -1000 -1000 -10 56.25 
Car -1 -1 -1.26 351.51 180.42 466.72 252.23 -1 -1 -1 -1000 -1000 -1000 -10 41.61 
Car -1 -1 -1.26 448.79 180.17 514.46 220.94 -1 -1 -1 -1000 -1000 -1000 -10 37.41 
Car -1 -1 -0.94 4.22 191.48 371.18 357.76 -1 -1 -1 -1000 -1000 -1000 -10 32.15 
Car -1 -1 -1.26 313.03 183.65 378.70 224.42 -1 -1 -1 -1000 -1000 -1000 -10 21.41 
Car -1 -1 -1.57 499.84 159.94 551.10 203.86 -1 -1 -1 -1000 -1000 -1000 -10 7.04 
Car -1 -1 1.26 223.12 214.53 281.98 249.90 -1 -1 -1 -1000 -1000 -1000 -10 6.72 
Car -1 -1 -1.26 138.90 172.33 271.40 254.97 -1 -1 -1 -1000 -1000 -1000 -10 5.30 
Car -1 -1 -1.88 424.04 172.08 481.09 207.45 -1 -1 -1 -1000 -1000 -1000 -10 5.02 
Car -1 -1 -1.57 433.04 207.50 459.97 230.50 -1 -1 -1 -1000 -1000 -1000 -10 1.54 
Car -1 -1 -1.57 463.04 183.50 489.97 206.50 -1 -1 -1 -1000 -1000 -1000 -10 1.11 
