Car -1 -1 -1.57 674.73 179.04 752.54 245.77 -1 -1 -1 -1000 -1000 -1000 -10 61.05 
Car -1 -1 -1.88 750.33 190.52 981.32 334.87 -1 -1 -1 -1000 -1000 -1000 -10 60.45 
Car -1 -1 -1.57 643.45 174.44 694.53 218.20 -1 -1 -1 -1000 -1000 -1000 -10 26.86 
Car -1 -1 -2.83 62.06 165.30 380.56 282.61 -1 -1 -1 -1000 -1000 -1000 -10 26.26 
Car -1 -1 1.26 373.30 186.50 451.05 233.35 -1 -1 -1 -1000 -1000 -1000 -10 18.05 
Car -1 -1 -1.88 781.86 200.54 905.74 277.78 -1 -1 -1 -1000 -1000 -1000 -10 7.28 
Car -1 -1 -1.57 631.04 181.50 657.97 204.50 -1 -1 -1 -1000 -1000 -1000 -10 6.79 
Car -1 -1 -2.83 279.80 179.94 474.69 251.48 -1 -1 -1 -1000 -1000 -1000 -10 5.18 
Car -1 -1 1.88 517.25 179.50 555.75 202.50 -1 -1 -1 -1000 -1000 -1000 -10 4.45 
Car -1 -1 -1.57 434.58 178.17 485.66 221.93 -1 -1 -1 -1000 -1000 -1000 -10 2.11 
Car -1 -1 -1.26 710.35 199.65 767.51 235.09 -1 -1 -1 -1000 -1000 -1000 -10 0.78 
