Car -1 -1 -1.57 1153.20 171.46 1221.14 229.71 -1 -1 -1 -1000 -1000 -1000 -10 29.29 
Car -1 -1 -1.26 311.71 171.88 443.63 254.16 -1 -1 -1 -1000 -1000 -1000 -10 24.63 
Car -1 -1 1.88 526.43 175.18 567.75 199.90 -1 -1 -1 -1000 -1000 -1000 -10 18.45 
Car -1 -1 -2.83 -26.66 194.90 291.84 312.21 -1 -1 -1 -1000 -1000 -1000 -10 15.19 
Car -1 -1 -1.26 199.07 181.52 351.01 276.34 -1 -1 -1 -1000 -1000 -1000 -10 13.44 
Car -1 -1 -2.83 46.45 202.68 143.86 238.12 -1 -1 -1 -1000 -1000 -1000 -10 13.28 
Car -1 -1 -1.88 1005.80 149.60 1157.74 244.42 -1 -1 -1 -1000 -1000 -1000 -10 9.25 
Car -1 -1 -1.57 940.75 163.44 979.26 196.39 -1 -1 -1 -1000 -1000 -1000 -10 8.95 
Car -1 -1 -1.57 1073.10 157.79 1108.96 188.47 -1 -1 -1 -1000 -1000 -1000 -10 5.48 
Car -1 -1 1.26 393.63 178.39 452.60 213.83 -1 -1 -1 -1000 -1000 -1000 -10 4.38 
Car -1 -1 -1.57 502.59 176.57 533.71 203.17 -1 -1 -1 -1000 -1000 -1000 -10 3.55 
Car -1 -1 1.88 963.25 167.50 1001.75 190.50 -1 -1 -1 -1000 -1000 -1000 -10 3.16 
Car -1 -1 0.94 425.09 181.56 495.18 212.24 -1 -1 -1 -1000 -1000 -1000 -10 2.90 
Car -1 -1 -1.57 333.00 174.53 387.68 221.38 -1 -1 -1 -1000 -1000 -1000 -10 0.42 
