Car -1 -1 1.88 237.80 190.52 476.01 334.87 -1 -1 -1 -1000 -1000 -1000 -10 41.98 
Car -1 -1 -0.31 800.57 155.59 1316.35 345.75 -1 -1 -1 -1000 -1000 -1000 -10 33.28 
Car -1 -1 1.57 416.18 157.58 533.24 252.40 -1 -1 -1 -1000 -1000 -1000 -10 30.76 
Car -1 -1 -1.57 623.50 171.52 656.84 200.03 -1 -1 -1 -1000 -1000 -1000 -10 21.73 
Car -1 -1 -1.57 520.85 181.43 562.25 216.87 -1 -1 -1 -1000 -1000 -1000 -10 18.81 
Car -1 -1 -0.31 648.31 166.53 807.48 224.78 -1 -1 -1 -1000 -1000 -1000 -10 15.10 
Car -1 -1 1.88 334.26 255.50 385.40 286.18 -1 -1 -1 -1000 -1000 -1000 -10 4.14 
Car -1 -1 1.88 487.05 161.60 583.56 219.85 -1 -1 -1 -1000 -1000 -1000 -10 3.29 
Car -1 -1 -1.26 454.74 208.02 525.18 251.78 -1 -1 -1 -1000 -1000 -1000 -10 1.16 
Car -1 -1 -1.88 739.11 176.94 940.53 302.76 -1 -1 -1 -1000 -1000 -1000 -10 0.22 
