Car -1 -1 -1.88 697.35 178.12 840.07 267.17 -1 -1 -1 -1000 -1000 -1000 -10 60.34 
Car -1 -1 -1.57 599.19 174.27 630.31 200.87 -1 -1 -1 -1000 -1000 -1000 -10 48.25 
Car -1 -1 1.88 439.31 186.27 486.88 214.78 -1 -1 -1 -1000 -1000 -1000 -10 31.53 
Car -1 -1 -1.57 663.57 178.39 704.97 213.83 -1 -1 -1 -1000 -1000 -1000 -10 26.92 
Car -1 -1 1.88 479.28 181.61 520.61 206.33 -1 -1 -1 -1000 -1000 -1000 -10 18.76 
Car -1 -1 -1.57 692.39 182.90 755.62 237.10 -1 -1 -1 -1000 -1000 -1000 -10 15.78 
Car -1 -1 0.31 80.17 196.13 249.69 254.38 -1 -1 -1 -1000 -1000 -1000 -10 14.90 
Car -1 -1 -1.57 26.83 224.46 55.75 249.18 -1 -1 -1 -1000 -1000 -1000 -10 12.46 
Car -1 -1 -1.57 641.94 173.04 670.87 197.76 -1 -1 -1 -1000 -1000 -1000 -10 11.33 
Car -1 -1 -1.57 221.86 12.32 250.79 37.04 -1 -1 -1 -1000 -1000 -1000 -10 6.98 
Car -1 -1 -1.57 623.04 175.50 649.97 198.50 -1 -1 -1 -1000 -1000 -1000 -10 3.50 
