Car -1 -1 -1.57 590.22 181.33 658.16 239.58 -1 -1 -1 -1000 -1000 -1000 -10 45.04 
Car -1 -1 1.88 139.02 167.76 249.48 234.49 -1 -1 -1 -1000 -1000 -1000 -10 30.89 
Car -1 -1 1.88 258.55 174.51 321.68 212.47 -1 -1 -1 -1000 -1000 -1000 -10 29.77 
Car -1 -1 -1.57 703.81 182.51 758.49 229.36 -1 -1 -1 -1000 -1000 -1000 -10 19.96 
Car -1 -1 -1.57 364.41 178.82 460.31 261.10 -1 -1 -1 -1000 -1000 -1000 -10 19.84 
Car -1 -1 -1.88 667.34 174.44 737.78 218.20 -1 -1 -1 -1000 -1000 -1000 -10 18.64 
Car -1 -1 -1.88 728.54 155.81 929.96 281.63 -1 -1 -1 -1000 -1000 -1000 -10 16.00 
Car -1 -1 -1.57 661.31 170.99 697.17 201.67 -1 -1 -1 -1000 -1000 -1000 -10 15.95 
Car -1 -1 1.57 522.21 175.50 550.78 198.50 -1 -1 -1 -1000 -1000 -1000 -10 6.88 
Car -1 -1 1.26 460.09 183.25 514.97 216.20 -1 -1 -1 -1000 -1000 -1000 -10 4.96 
Car -1 -1 -1.57 510.37 183.81 543.71 212.32 -1 -1 -1 -1000 -1000 -1000 -10 2.80 
Car -1 -1 -1.57 439.99 183.25 478.50 216.20 -1 -1 -1 -1000 -1000 -1000 -10 1.68 
Car -1 -1 1.88 539.39 166.24 598.36 201.68 -1 -1 -1 -1000 -1000 -1000 -10 0.72 
