Car -1 -1 -1.57 581.99 173.70 645.22 227.90 -1 -1 -1 -1000 -1000 -1000 -10 54.63 
Car -1 -1 -1.57 643.18 173.98 676.52 202.49 -1 -1 -1 -1000 -1000 -1000 -10 42.22 
Car -1 -1 1.26 263.66 173.89 382.04 245.43 -1 -1 -1 -1000 -1000 -1000 -10 39.08 
Car -1 -1 -1.26 415.78 185.76 547.70 268.04 -1 -1 -1 -1000 -1000 -1000 -10 30.86 
Car -1 -1 -1.57 553.04 175.50 579.97 198.50 -1 -1 -1 -1000 -1000 -1000 -10 24.17 
Car -1 -1 -1.88 704.85 178.12 847.57 267.17 -1 -1 -1 -1000 -1000 -1000 -10 15.93 
Car -1 -1 -1.88 750.33 178.43 981.32 322.78 -1 -1 -1 -1000 -1000 -1000 -10 14.54 
Car -1 -1 -1.88 670.80 172.98 771.01 235.39 -1 -1 -1 -1000 -1000 -1000 -10 10.04 
Car -1 -1 -1.88 1187.20 239.46 1227.25 264.18 -1 -1 -1 -1000 -1000 -1000 -10 7.80 
Car -1 -1 -1.26 11.95 190.73 258.72 344.97 -1 -1 -1 -1000 -1000 -1000 -10 5.14 
Car -1 -1 -1.57 28.90 254.30 70.30 289.74 -1 -1 -1 -1000 -1000 -1000 -10 3.93 
Car -1 -1 -1.57 533.28 166.07 592.09 216.47 -1 -1 -1 -1000 -1000 -1000 -10 3.70 
Car -1 -1 -2.83 398.71 196.61 496.12 232.05 -1 -1 -1 -1000 -1000 -1000 -10 2.90 
Car -1 -1 -1.26 473.45 178.30 560.56 232.50 -1 -1 -1 -1000 -1000 -1000 -10 2.44 
