Car -1 -1 -1.57 486.17 183.21 544.98 233.61 -1 -1 -1 -1000 -1000 -1000 -10 45.36 
Car -1 -1 -1.88 702.50 180.64 876.46 289.26 -1 -1 -1 -1000 -1000 -1000 -10 31.06 
Car -1 -1 -1.57 692.13 179.94 775.53 251.48 -1 -1 -1 -1000 -1000 -1000 -10 21.92 
Car -1 -1 -1.88 776.98 191.25 1062.73 369.91 -1 -1 -1 -1000 -1000 -1000 -10 21.42 
Car -1 -1 -1.57 650.56 181.35 683.90 209.86 -1 -1 -1 -1000 -1000 -1000 -10 15.58 
Car -1 -1 -1.57 635.51 179.46 664.43 204.18 -1 -1 -1 -1000 -1000 -1000 -10 13.02 
Car -1 -1 -1.57 670.58 181.01 714.92 218.97 -1 -1 -1 -1000 -1000 -1000 -10 9.48 
Car -1 -1 -1.88 479.85 209.50 517.16 232.50 -1 -1 -1 -1000 -1000 -1000 -10 5.53 
Car -1 -1 -1.57 771.04 67.50 797.97 90.50 -1 -1 -1 -1000 -1000 -1000 -10 3.50 
Car -1 -1 -1.26 509.85 207.50 547.16 230.50 -1 -1 -1 -1000 -1000 -1000 -10 3.26 
Car -1 -1 -2.83 815.64 188.92 906.33 221.87 -1 -1 -1 -1000 -1000 -1000 -10 3.15 
Car -1 -1 -1.26 955.39 194.90 1143.22 312.21 -1 -1 -1 -1000 -1000 -1000 -10 3.04 
