Car -1 -1 -1.57 592.64 177.32 621.56 202.04 -1 -1 -1 -1000 -1000 -1000 -10 45.71 
Car -1 -1 -1.88 677.55 180.98 801.43 258.22 -1 -1 -1 -1000 -1000 -1000 -10 39.08 
Car -1 -1 -1.57 633.04 177.50 659.97 200.50 -1 -1 -1 -1000 -1000 -1000 -10 31.87 
Car -1 -1 -1.57 649.34 180.42 687.85 213.37 -1 -1 -1 -1000 -1000 -1000 -10 31.13 
Car -1 -1 -1.57 674.62 178.93 733.43 229.33 -1 -1 -1 -1000 -1000 -1000 -10 17.79 
Car -1 -1 -1.88 832.38 166.19 1157.37 369.43 -1 -1 -1 -1000 -1000 -1000 -10 10.87 
Car -1 -1 -1.26 137.71 204.86 402.55 370.42 -1 -1 -1 -1000 -1000 -1000 -10 7.12 
Car -1 -1 -1.57 297.89 264.00 329.01 290.60 -1 -1 -1 -1000 -1000 -1000 -10 4.78 
Car -1 -1 -1.88 697.49 218.90 763.31 259.76 -1 -1 -1 -1000 -1000 -1000 -10 3.15 
Car -1 -1 0.31 317.38 192.12 407.56 222.80 -1 -1 -1 -1000 -1000 -1000 -10 1.55 
Car -1 -1 1.88 497.25 179.50 535.75 202.50 -1 -1 -1 -1000 -1000 -1000 -10 0.69 
