Car -1 -1 -0.31 735.54 170.26 1014.31 272.75 -1 -1 -1 -1000 -1000 -1000 -10 26.54 
Car -1 -1 0.31 249.19 185.99 456.95 257.53 -1 -1 -1 -1000 -1000 -1000 -10 19.89 
Car -1 -1 -1.57 703.81 176.40 771.75 234.65 -1 -1 -1 -1000 -1000 -1000 -10 19.15 
Car -1 -1 -0.31 444.21 181.56 528.85 212.24 -1 -1 -1 -1000 -1000 -1000 -10 16.26 
Car -1 -1 -2.83 384.80 184.01 496.86 224.87 -1 -1 -1 -1000 -1000 -1000 -10 14.61 
Car -1 -1 -1.26 469.85 193.50 507.16 216.50 -1 -1 -1 -1000 -1000 -1000 -10 7.39 
Car -1 -1 -1.88 702.26 157.58 854.20 252.40 -1 -1 -1 -1000 -1000 -1000 -10 7.31 
Car -1 -1 1.26 813.65 204.13 932.03 275.67 -1 -1 -1 -1000 -1000 -1000 -10 5.42 
Car -1 -1 -0.31 328.86 200.49 433.19 238.45 -1 -1 -1 -1000 -1000 -1000 -10 4.73 
Car -1 -1 -1.57 494.05 188.04 522.98 212.76 -1 -1 -1 -1000 -1000 -1000 -10 1.36 
Car -1 -1 -1.26 708.12 218.24 754.22 246.75 -1 -1 -1 -1000 -1000 -1000 -10 1.22 
Car -1 -1 -1.26 762.82 245.89 802.87 270.61 -1 -1 -1 -1000 -1000 -1000 -10 0.64 
