Car -1 -1 1.88 537.69 173.98 585.26 202.49 -1 -1 -1 -1000 -1000 -1000 -10 49.40 
Car -1 -1 -1.57 594.67 178.26 667.45 240.67 -1 -1 -1 -1000 -1000 -1000 -10 44.08 
Car -1 -1 -0.94 753.21 173.54 962.98 268.36 -1 -1 -1 -1000 -1000 -1000 -10 40.35 
Car -1 -1 1.88 240.13 181.33 336.64 239.58 -1 -1 -1 -1000 -1000 -1000 -10 27.66 
Car -1 -1 1.88 319.68 184.68 430.14 251.41 -1 -1 -1 -1000 -1000 -1000 -10 18.48 
Car -1 -1 1.88 420.96 178.39 479.93 213.83 -1 -1 -1 -1000 -1000 -1000 -10 15.31 
Car -1 -1 -1.26 640.66 173.04 680.71 197.76 -1 -1 -1 -1000 -1000 -1000 -10 8.11 
Car -1 -1 -1.57 313.40 213.47 357.74 251.43 -1 -1 -1 -1000 -1000 -1000 -10 6.95 
Car -1 -1 -1.57 1006.40 177.08 1199.20 342.64 -1 -1 -1 -1000 -1000 -1000 -10 5.51 
Car -1 -1 -0.31 138.00 186.84 222.64 217.52 -1 -1 -1 -1000 -1000 -1000 -10 4.82 
Car -1 -1 -1.57 431.04 191.50 457.97 214.50 -1 -1 -1 -1000 -1000 -1000 -10 4.45 
Car -1 -1 -1.57 459.04 179.50 485.97 202.50 -1 -1 -1 -1000 -1000 -1000 -10 3.50 
Car -1 -1 -1.26 786.25 178.30 873.36 232.50 -1 -1 -1 -1000 -1000 -1000 -10 0.92 
