Car -1 -1 1.57 495.41 180.42 536.24 213.37 -1 -1 -1 -1000 -1000 -1000 -10 54.70 
Car -1 -1 1.88 222.32 185.62 369.51 274.67 -1 -1 -1 -1000 -1000 -1000 -10 44.36 
Car -1 -1 1.88 468.34 181.17 512.76 207.77 -1 -1 -1 -1000 -1000 -1000 -10 27.87 
Car -1 -1 1.88 385.95 187.50 453.85 228.36 -1 -1 -1 -1000 -1000 -1000 -10 20.56 
Car -1 -1 2.83 706.78 165.07 784.91 191.67 -1 -1 -1 -1000 -1000 -1000 -10 18.11 
Car -1 -1 2.20 -33.64 190.34 270.93 325.51 -1 -1 -1 -1000 -1000 -1000 -10 17.19 
Car -1 -1 -1.57 629.04 173.50 655.97 196.50 -1 -1 -1 -1000 -1000 -1000 -10 14.39 
Car -1 -1 -1.57 525.04 179.50 551.97 202.50 -1 -1 -1 -1000 -1000 -1000 -10 9.36 
Car -1 -1 -2.83 1092.90 154.95 1183.59 187.90 -1 -1 -1 -1000 -1000 -1000 -10 8.58 
Car -1 -1 1.88 467.48 169.10 557.33 223.30 -1 -1 -1 -1000 -1000 -1000 -10 8.08 
Car -1 -1 -1.26 103.55 185.76 235.47 268.04 -1 -1 -1 -1000 -1000 -1000 -10 4.43 
Car -1 -1 -1.57 243.30 230.89 272.23 255.61 -1 -1 -1 -1000 -1000 -1000 -10 0.25 
Car -1 -1 -1.26 47.89 192.04 162.66 263.58 -1 -1 -1 -1000 -1000 -1000 -10 0.14 
