Car -1 -1 -1.26 324.57 185.86 487.43 287.53 -1 -1 -1 -1000 -1000 -1000 -10 52.62 
Car -1 -1 -1.57 557.93 180.63 625.56 238.61 -1 -1 -1 -1000 -1000 -1000 -10 47.82 
Car -1 -1 -1.26 218.00 180.42 333.21 252.23 -1 -1 -1 -1000 -1000 -1000 -10 34.89 
Car -1 -1 -1.57 503.08 176.69 550.69 217.46 -1 -1 -1 -1000 -1000 -1000 -10 25.83 
Car -1 -1 -0.31 3.92 205.41 455.14 371.69 -1 -1 -1 -1000 -1000 -1000 -10 10.01 
Car -1 -1 -1.57 421.92 165.37 518.24 248.01 -1 -1 -1 -1000 -1000 -1000 -10 9.65 
Car -1 -1 -1.26 375.69 176.69 441.36 217.46 -1 -1 -1 -1000 -1000 -1000 -10 7.39 
Car -1 -1 -1.26 5.85 349.50 43.15 372.50 -1 -1 -1 -1000 -1000 -1000 -10 2.72 
Car -1 -1 -1.88 204.07 179.45 421.16 315.09 -1 -1 -1 -1000 -1000 -1000 -10 2.02 
Car -1 -1 -1.57 215.32 182.39 266.58 226.31 -1 -1 -1 -1000 -1000 -1000 -10 1.30 
