Car -1 -1 -0.94 429.09 178.39 508.24 213.83 -1 -1 -1 -1000 -1000 -1000 -10 35.71 
Car -1 -1 -1.57 569.04 179.50 595.97 202.50 -1 -1 -1 -1000 -1000 -1000 -10 23.10 
Car -1 -1 -0.63 199.52 183.21 334.84 233.61 -1 -1 -1 -1000 -1000 -1000 -10 20.08 
Car -1 -1 2.20 227.41 171.27 313.85 209.23 -1 -1 -1 -1000 -1000 -1000 -10 7.65 
Car -1 -1 -1.57 595.31 173.64 631.17 204.32 -1 -1 -1 -1000 -1000 -1000 -10 6.23 
Car -1 -1 -1.57 434.04 181.61 462.97 206.33 -1 -1 -1 -1000 -1000 -1000 -10 3.95 
Car -1 -1 -1.26 643.85 175.50 681.16 198.50 -1 -1 -1 -1000 -1000 -1000 -10 2.55 
Car -1 -1 -1.57 9.04 175.50 35.96 198.50 -1 -1 -1 -1000 -1000 -1000 -10 2.37 
Car -1 -1 -1.57 737.04 175.50 763.97 198.50 -1 -1 -1 -1000 -1000 -1000 -10 1.81 
Car -1 -1 -2.83 130.18 165.56 387.95 260.38 -1 -1 -1 -1000 -1000 -1000 -10 0.73 
