Car -1 -1 -1.57 580.21 178.52 634.89 225.37 -1 -1 -1 -1000 -1000 -1000 -10 51.97 
Car -1 -1 -1.57 697.31 184.68 775.12 251.41 -1 -1 -1 -1000 -1000 -1000 -10 41.98 
Car -1 -1 -1.57 521.63 180.52 569.34 221.38 -1 -1 -1 -1000 -1000 -1000 -10 28.51 
Car -1 -1 -1.57 641.94 173.04 670.87 197.76 -1 -1 -1 -1000 -1000 -1000 -10 16.92 
Car -1 -1 -0.31 -33.99 198.93 261.36 307.55 -1 -1 -1 -1000 -1000 -1000 -10 10.83 
Car -1 -1 -0.31 249.85 173.54 507.89 268.36 -1 -1 -1 -1000 -1000 -1000 -10 10.77 
Car -1 -1 -0.31 -2.87 182.51 125.49 229.36 -1 -1 -1 -1000 -1000 -1000 -10 9.76 
Car -1 -1 -1.26 454.20 173.04 494.25 197.76 -1 -1 -1 -1000 -1000 -1000 -10 5.66 
Car -1 -1 1.26 304.56 183.54 407.92 245.95 -1 -1 -1 -1000 -1000 -1000 -10 4.70 
Car -1 -1 1.26 479.25 175.50 517.75 198.50 -1 -1 -1 -1000 -1000 -1000 -10 2.89 
Car -1 -1 0.94 394.36 177.03 487.31 217.89 -1 -1 -1 -1000 -1000 -1000 -10 0.35 
