Car -1 -1 -1.26 666.31 176.43 712.41 204.94 -1 -1 -1 -1000 -1000 -1000 -10 31.93 
Car -1 -1 1.88 333.61 187.50 401.51 228.36 -1 -1 -1 -1000 -1000 -1000 -10 23.71 
Car -1 -1 1.57 1156.20 155.50 1184.77 178.50 -1 -1 -1 -1000 -1000 -1000 -10 12.42 
Car -1 -1 1.88 1123.30 157.50 1161.80 180.50 -1 -1 -1 -1000 -1000 -1000 -10 7.56 
Car -1 -1 -1.88 647.09 177.32 687.14 202.04 -1 -1 -1 -1000 -1000 -1000 -10 5.84 
Car -1 -1 1.88 1091.30 159.50 1129.80 182.50 -1 -1 -1 -1000 -1000 -1000 -10 4.64 
Car -1 -1 -0.94 313.56 198.75 369.13 223.47 -1 -1 -1 -1000 -1000 -1000 -10 1.91 
Car -1 -1 -1.88 393.69 200.36 474.73 250.76 -1 -1 -1 -1000 -1000 -1000 -10 1.86 
Car -1 -1 -1.57 470.50 153.20 597.05 261.82 -1 -1 -1 -1000 -1000 -1000 -10 1.07 
Car -1 -1 2.20 1014.10 159.50 1066.96 182.50 -1 -1 -1 -1000 -1000 -1000 -10 0.02 
