Car -1 -1 2.20 -23.79 202.62 301.38 346.97 -1 -1 -1 -1000 -1000 -1000 -10 59.88 
Car -1 -1 1.88 378.40 176.40 474.91 234.65 -1 -1 -1 -1000 -1000 -1000 -10 48.14 
Car -1 -1 1.88 263.66 198.08 382.04 269.62 -1 -1 -1 -1000 -1000 -1000 -10 41.49 
Car -1 -1 -1.88 719.86 178.12 862.58 267.17 -1 -1 -1 -1000 -1000 -1000 -10 35.85 
Car -1 -1 1.57 552.21 177.50 580.78 200.50 -1 -1 -1 -1000 -1000 -1000 -10 32.73 
Car -1 -1 -1.57 485.78 181.35 519.12 209.86 -1 -1 -1 -1000 -1000 -1000 -10 18.63 
Car -1 -1 1.88 431.30 180.52 499.20 221.38 -1 -1 -1 -1000 -1000 -1000 -10 17.82 
Car -1 -1 1.57 520.21 179.50 548.78 202.50 -1 -1 -1 -1000 -1000 -1000 -10 15.77 
Car -1 -1 -1.26 288.74 239.45 349.93 277.41 -1 -1 -1 -1000 -1000 -1000 -10 9.73 
Car -1 -1 -1.57 387.23 196.61 428.63 232.05 -1 -1 -1 -1000 -1000 -1000 -10 7.15 
Car -1 -1 1.26 666.14 167.37 710.56 193.97 -1 -1 -1 -1000 -1000 -1000 -10 3.15 
Car -1 -1 -1.26 174.45 210.51 261.56 264.71 -1 -1 -1 -1000 -1000 -1000 -10 2.51 
Car -1 -1 -1.26 320.70 201.45 386.52 242.31 -1 -1 -1 -1000 -1000 -1000 -10 1.71 
Car -1 -1 -1.57 408.87 203.07 447.38 236.02 -1 -1 -1 -1000 -1000 -1000 -10 0.83 
