Car -1 -1 -1.57 574.71 174.91 625.97 218.83 -1 -1 -1 -1000 -1000 -1000 -10 46.89 
Car -1 -1 -1.26 156.47 154.65 387.46 299.00 -1 -1 -1 -1000 -1000 -1000 -10 44.65 
Car -1 -1 -1.57 418.76 179.41 477.73 229.95 -1 -1 -1 -1000 -1000 -1000 -10 40.62 
Car -1 -1 -1.57 478.46 163.00 533.35 210.03 -1 -1 -1 -1000 -1000 -1000 -10 7.96 
Car -1 -1 -1.26 371.85 179.50 409.16 202.50 -1 -1 -1 -1000 -1000 -1000 -10 6.39 
Car -1 -1 -1.26 443.51 203.00 483.56 227.72 -1 -1 -1 -1000 -1000 -1000 -10 5.64 
Car -1 -1 -1.57 521.06 174.20 552.18 200.80 -1 -1 -1 -1000 -1000 -1000 -10 4.06 
Car -1 -1 -1.88 34.55 190.61 100.22 231.38 -1 -1 -1 -1000 -1000 -1000 -10 3.12 
Car -1 -1 -1.57 142.81 202.84 181.28 235.76 -1 -1 -1 -1000 -1000 -1000 -10 1.91 
Car -1 -1 -1.57 319.54 207.79 397.48 274.63 -1 -1 -1 -1000 -1000 -1000 -10 1.61 
Car -1 -1 -1.26 595.69 198.71 635.74 223.43 -1 -1 -1 -1000 -1000 -1000 -10 0.27 
