Car -1 -1 1.57 519.20 178.89 554.56 207.40 -1 -1 -1 -1000 -1000 -1000 -10 58.88 
Car -1 -1 1.88 238.27 196.12 407.59 298.61 -1 -1 -1 -1000 -1000 -1000 -10 54.97 
Car -1 -1 1.88 364.84 184.68 475.30 251.41 -1 -1 -1 -1000 -1000 -1000 -10 45.78 
Car -1 -1 -1.88 758.17 181.52 910.11 276.34 -1 -1 -1 -1000 -1000 -1000 -10 44.01 
Car -1 -1 -1.88 713.08 178.26 813.29 240.67 -1 -1 -1 -1000 -1000 -1000 -10 30.83 
Car -1 -1 -1.88 881.73 191.25 1167.48 369.91 -1 -1 -1 -1000 -1000 -1000 -10 28.59 
Car -1 -1 1.88 426.67 183.21 510.26 233.61 -1 -1 -1 -1000 -1000 -1000 -10 25.90 
Car -1 -1 -1.88 683.53 177.03 749.35 217.89 -1 -1 -1 -1000 -1000 -1000 -10 22.22 
Car -1 -1 1.26 1076.90 175.35 1135.87 210.79 -1 -1 -1 -1000 -1000 -1000 -10 4.93 
Car -1 -1 -1.26 406.68 187.50 463.84 222.94 -1 -1 -1 -1000 -1000 -1000 -10 4.21 
Car -1 -1 -1.88 915.85 175.50 953.16 198.50 -1 -1 -1 -1000 -1000 -1000 -10 3.19 
Car -1 -1 -1.57 1066.20 173.98 1099.54 202.49 -1 -1 -1 -1000 -1000 -1000 -10 1.90 
Car -1 -1 -1.26 917.91 189.49 1069.85 284.31 -1 -1 -1 -1000 -1000 -1000 -10 1.85 
Car -1 -1 -1.57 417.49 224.88 448.61 251.48 -1 -1 -1 -1000 -1000 -1000 -10 0.37 
Car -1 -1 1.88 238.34 240.99 282.76 267.59 -1 -1 -1 -1000 -1000 -1000 -10 0.23 
