Car -1 -1 -1.57 573.64 179.90 663.13 256.67 -1 -1 -1 -1000 -1000 -1000 -10 50.47 
Car -1 -1 -1.26 219.11 190.29 393.57 299.22 -1 -1 -1 -1000 -1000 -1000 -10 43.54 
Car -1 -1 -1.26 396.50 178.73 496.88 241.25 -1 -1 -1 -1000 -1000 -1000 -10 33.60 
Car -1 -1 -1.57 651.04 179.50 677.97 202.50 -1 -1 -1 -1000 -1000 -1000 -10 25.68 
Car -1 -1 -1.26 168.00 186.38 291.13 263.15 -1 -1 -1 -1000 -1000 -1000 -10 24.60 
Car -1 -1 -1.57 446.14 150.10 529.86 221.91 -1 -1 -1 -1000 -1000 -1000 -10 12.83 
Car -1 -1 -1.26 372.93 183.05 426.07 215.97 -1 -1 -1 -1000 -1000 -1000 -10 10.12 
Car -1 -1 -1.57 350.09 231.02 401.35 274.94 -1 -1 -1 -1000 -1000 -1000 -10 8.53 
Car -1 -1 -1.26 287.85 175.50 325.16 198.50 -1 -1 -1 -1000 -1000 -1000 -10 7.84 
Car -1 -1 -0.63 -32.84 186.48 159.26 258.29 -1 -1 -1 -1000 -1000 -1000 -10 6.07 
Car -1 -1 -1.26 152.74 166.64 479.49 370.99 -1 -1 -1 -1000 -1000 -1000 -10 0.11 
