Car -1 -1 1.88 204.67 197.47 361.37 292.29 -1 -1 -1 -1000 -1000 -1000 -10 48.24 
Car -1 -1 -1.88 747.74 178.98 964.07 314.15 -1 -1 -1 -1000 -1000 -1000 -10 48.13 
Car -1 -1 1.57 461.90 184.46 505.80 219.90 -1 -1 -1 -1000 -1000 -1000 -10 39.17 
Car -1 -1 -1.57 645.64 176.43 678.98 204.94 -1 -1 -1 -1000 -1000 -1000 -10 24.33 
Car -1 -1 1.57 506.03 179.46 536.72 204.18 -1 -1 -1 -1000 -1000 -1000 -10 20.85 
Car -1 -1 -1.57 591.04 171.50 617.97 194.50 -1 -1 -1 -1000 -1000 -1000 -10 7.39 
Car -1 -1 -1.88 773.14 185.99 887.91 257.53 -1 -1 -1 -1000 -1000 -1000 -10 6.46 
Car -1 -1 -1.57 486.49 185.77 517.61 212.37 -1 -1 -1 -1000 -1000 -1000 -10 3.07 
Car -1 -1 -0.94 227.01 196.11 290.93 224.62 -1 -1 -1 -1000 -1000 -1000 -10 2.85 
Car -1 -1 -0.31 920.34 282.76 1115.43 354.30 -1 -1 -1 -1000 -1000 -1000 -10 2.48 
Car -1 -1 -1.26 215.85 242.71 302.96 296.91 -1 -1 -1 -1000 -1000 -1000 -10 0.96 
