Car -1 -1 1.26 695.16 180.98 822.92 258.22 -1 -1 -1 -1000 -1000 -1000 -10 48.32 
Car -1 -1 1.57 478.08 178.92 516.11 209.60 -1 -1 -1 -1000 -1000 -1000 -10 38.95 
Car -1 -1 1.88 195.14 196.12 364.46 298.61 -1 -1 -1 -1000 -1000 -1000 -10 36.66 
Car -1 -1 1.88 380.08 187.50 469.93 241.70 -1 -1 -1 -1000 -1000 -1000 -10 36.28 
Car -1 -1 -1.88 842.71 187.50 1146.82 377.66 -1 -1 -1 -1000 -1000 -1000 -10 26.72 
Car -1 -1 1.88 527.25 173.50 565.75 196.50 -1 -1 -1 -1000 -1000 -1000 -10 23.52 
Car -1 -1 -1.57 664.08 177.76 708.42 215.72 -1 -1 -1 -1000 -1000 -1000 -10 20.34 
Car -1 -1 1.88 18.44 213.07 241.54 348.24 -1 -1 -1 -1000 -1000 -1000 -10 14.05 
Car -1 -1 -1.88 676.35 178.93 757.39 229.33 -1 -1 -1 -1000 -1000 -1000 -10 9.79 
Car -1 -1 -1.57 682.53 196.11 715.87 224.62 -1 -1 -1 -1000 -1000 -1000 -10 3.68 
Car -1 -1 1.26 734.32 220.18 775.65 244.90 -1 -1 -1 -1000 -1000 -1000 -10 2.24 
Car -1 -1 -1.57 408.29 211.08 439.41 237.68 -1 -1 -1 -1000 -1000 -1000 -10 1.36 
Car -1 -1 1.26 247.48 142.01 295.05 170.52 -1 -1 -1 -1000 -1000 -1000 -10 0.84 
