Car -1 -1 -1.57 588.96 174.64 647.77 225.04 -1 -1 -1 -1000 -1000 -1000 -10 47.56 
Car -1 -1 -1.26 458.87 173.89 573.64 245.43 -1 -1 -1 -1000 -1000 -1000 -10 36.86 
Car -1 -1 -1.57 645.04 173.50 671.97 196.50 -1 -1 -1 -1000 -1000 -1000 -10 30.64 
Car -1 -1 1.26 353.71 176.40 450.22 234.65 -1 -1 -1 -1000 -1000 -1000 -10 20.96 
Car -1 -1 -1.57 560.49 168.75 589.41 193.47 -1 -1 -1 -1000 -1000 -1000 -10 18.86 
Car -1 -1 -2.20 178.14 181.52 387.91 276.34 -1 -1 -1 -1000 -1000 -1000 -10 15.82 
Car -1 -1 -1.57 691.67 173.40 769.48 240.13 -1 -1 -1 -1000 -1000 -1000 -10 11.08 
Car -1 -1 -1.88 47.54 178.43 278.53 322.78 -1 -1 -1 -1000 -1000 -1000 -10 10.80 
Car -1 -1 -1.88 669.58 170.06 735.40 210.92 -1 -1 -1 -1000 -1000 -1000 -10 8.16 
Car -1 -1 -1.57 732.15 185.76 828.05 268.04 -1 -1 -1 -1000 -1000 -1000 -10 3.95 
Car -1 -1 -0.31 255.94 176.57 329.56 203.17 -1 -1 -1 -1000 -1000 -1000 -10 1.94 
Car -1 -1 -1.57 560.09 183.47 591.21 210.07 -1 -1 -1 -1000 -1000 -1000 -10 1.39 
