Car -1 -1 -1.88 226.86 199.38 327.07 261.79 -1 -1 -1 -1000 -1000 -1000 -10 38.79 
Car -1 -1 1.26 669.88 178.30 759.73 232.50 -1 -1 -1 -1000 -1000 -1000 -10 33.42 
Car -1 -1 -2.83 277.24 181.43 374.65 216.87 -1 -1 -1 -1000 -1000 -1000 -10 18.51 
Car -1 -1 1.57 593.13 176.40 665.13 234.65 -1 -1 -1 -1000 -1000 -1000 -10 16.76 
Car -1 -1 -1.57 499.19 170.62 602.96 259.67 -1 -1 -1 -1000 -1000 -1000 -10 11.36 
Car -1 -1 -1.57 85.54 194.48 133.25 235.34 -1 -1 -1 -1000 -1000 -1000 -10 9.99 
Car -1 -1 -1.57 56.88 190.75 101.22 228.71 -1 -1 -1 -1000 -1000 -1000 -10 9.77 
Car -1 -1 -2.20 332.35 167.61 630.87 302.78 -1 -1 -1 -1000 -1000 -1000 -10 8.72 
Car -1 -1 -1.57 218.11 218.90 265.82 259.76 -1 -1 -1 -1000 -1000 -1000 -10 6.51 
Car -1 -1 -0.31 742.72 170.55 871.08 217.40 -1 -1 -1 -1000 -1000 -1000 -10 2.40 
Car -1 -1 -1.57 47.04 203.50 73.96 226.50 -1 -1 -1 -1000 -1000 -1000 -10 2.32 
Car -1 -1 -2.20 1171.40 201.88 1231.11 228.48 -1 -1 -1 -1000 -1000 -1000 -10 1.93 
