Car -1 -1 1.88 368.53 176.40 465.04 234.65 -1 -1 -1 -1000 -1000 -1000 -10 54.39 
Car -1 -1 -1.88 723.84 178.88 888.02 281.37 -1 -1 -1 -1000 -1000 -1000 -10 43.53 
Car -1 -1 1.88 226.37 199.65 362.43 281.93 -1 -1 -1 -1000 -1000 -1000 -10 43.05 
Car -1 -1 1.57 552.21 177.50 580.78 200.50 -1 -1 -1 -1000 -1000 -1000 -10 39.47 
Car -1 -1 1.88 421.15 178.52 498.90 225.37 -1 -1 -1 -1000 -1000 -1000 -10 24.67 
Car -1 -1 1.88 515.25 179.50 553.75 202.50 -1 -1 -1 -1000 -1000 -1000 -10 22.43 
Car -1 -1 -1.57 485.48 183.75 514.40 208.47 -1 -1 -1 -1000 -1000 -1000 -10 16.12 
Car -1 -1 2.20 -31.33 208.63 252.27 334.45 -1 -1 -1 -1000 -1000 -1000 -10 11.98 
Car -1 -1 -1.26 261.39 243.31 327.21 284.17 -1 -1 -1 -1000 -1000 -1000 -10 8.12 
Car -1 -1 -1.57 375.09 199.65 416.49 235.09 -1 -1 -1 -1000 -1000 -1000 -10 5.94 
Car -1 -1 -0.31 108.77 218.42 237.13 265.27 -1 -1 -1 -1000 -1000 -1000 -10 5.77 
Car -1 -1 1.26 671.25 167.50 709.75 190.50 -1 -1 -1 -1000 -1000 -1000 -10 4.60 
Car -1 -1 -1.26 282.32 201.45 348.14 242.31 -1 -1 -1 -1000 -1000 -1000 -10 0.93 
Car -1 -1 -2.83 573.13 166.33 964.65 310.68 -1 -1 -1 -1000 -1000 -1000 -10 0.84 
Car -1 -1 -2.20 251.60 203.48 315.52 231.99 -1 -1 -1 -1000 -1000 -1000 -10 0.83 
