Car -1 -1 -1.57 697.44 169.10 735.95 202.05 -1 -1 -1 -1000 -1000 -1000 -10 41.69 
Car -1 -1 -1.26 594.96 172.32 652.12 207.76 -1 -1 -1 -1000 -1000 -1000 -10 32.51 
Car -1 -1 1.88 397.85 183.25 452.73 216.20 -1 -1 -1 -1000 -1000 -1000 -10 26.07 
Car -1 -1 1.88 505.25 179.50 543.75 202.50 -1 -1 -1 -1000 -1000 -1000 -10 23.97 
Car -1 -1 1.88 1171.30 153.50 1209.80 176.50 -1 -1 -1 -1000 -1000 -1000 -10 16.48 
Car -1 -1 -0.94 1044.60 157.50 1096.39 180.50 -1 -1 -1 -1000 -1000 -1000 -10 8.82 
Car -1 -1 1.88 1137.30 157.50 1175.80 180.50 -1 -1 -1 -1000 -1000 -1000 -10 7.82 
Car -1 -1 1.88 1105.30 155.50 1143.80 178.50 -1 -1 -1 -1000 -1000 -1000 -10 7.41 
Car -1 -1 -1.57 729.04 169.50 755.97 192.50 -1 -1 -1 -1000 -1000 -1000 -10 2.73 
Car -1 -1 -1.57 329.04 177.50 355.97 200.50 -1 -1 -1 -1000 -1000 -1000 -10 1.73 
