Car -1 -1 2.20 144.39 183.25 219.58 216.20 -1 -1 -1 -1000 -1000 -1000 -10 35.09 
Car -1 -1 2.20 7.59 189.37 107.03 233.13 -1 -1 -1 -1000 -1000 -1000 -10 34.84 
Car -1 -1 1.88 263.64 178.87 308.06 205.47 -1 -1 -1 -1000 -1000 -1000 -10 20.53 
Car -1 -1 2.20 209.14 181.35 274.37 209.86 -1 -1 -1 -1000 -1000 -1000 -10 14.72 
Car -1 -1 1.88 327.25 177.50 365.75 200.50 -1 -1 -1 -1000 -1000 -1000 -10 8.66 
Car -1 -1 1.26 355.25 177.50 393.75 200.50 -1 -1 -1 -1000 -1000 -1000 -10 7.26 
Car -1 -1 -2.83 286.59 179.50 350.40 202.50 -1 -1 -1 -1000 -1000 -1000 -10 7.08 
Car -1 -1 1.88 375.25 175.50 413.75 198.50 -1 -1 -1 -1000 -1000 -1000 -10 6.60 
Car -1 -1 1.88 21.25 207.50 59.75 230.50 -1 -1 -1 -1000 -1000 -1000 -10 6.38 
Car -1 -1 1.88 62.30 182.51 140.06 229.36 -1 -1 -1 -1000 -1000 -1000 -10 5.09 
Car -1 -1 -1.26 653.02 174.27 696.07 200.87 -1 -1 -1 -1000 -1000 -1000 -10 0.47 
