Car -1 -1 -1.57 663.94 174.53 718.62 221.38 -1 -1 -1 -1000 -1000 -1000 -10 51.65 
Car -1 -1 -1.26 302.90 181.52 454.84 276.34 -1 -1 -1 -1000 -1000 -1000 -10 39.02 
Car -1 -1 1.88 456.62 184.25 519.75 222.21 -1 -1 -1 -1000 -1000 -1000 -10 36.10 
Car -1 -1 1.57 512.46 181.61 543.15 206.33 -1 -1 -1 -1000 -1000 -1000 -10 35.73 
Car -1 -1 -1.88 713.98 178.43 944.97 322.78 -1 -1 -1 -1000 -1000 -1000 -10 33.45 
Car -1 -1 -0.31 32.12 238.12 274.54 327.17 -1 -1 -1 -1000 -1000 -1000 -10 14.28 
Car -1 -1 -1.57 541.04 177.50 567.97 200.50 -1 -1 -1 -1000 -1000 -1000 -10 11.81 
Car -1 -1 -1.57 619.04 171.50 645.97 194.50 -1 -1 -1 -1000 -1000 -1000 -10 7.28 
Car -1 -1 -1.26 100.01 236.36 200.22 298.77 -1 -1 -1 -1000 -1000 -1000 -10 4.14 
Car -1 -1 -1.88 453.85 201.50 491.16 224.50 -1 -1 -1 -1000 -1000 -1000 -10 2.95 
