Car -1 -1 1.88 63.81 178.98 286.91 314.15 -1 -1 -1 -1000 -1000 -1000 -10 53.30 
Car -1 -1 1.57 506.72 177.59 547.55 210.54 -1 -1 -1 -1000 -1000 -1000 -10 51.72 
Car -1 -1 1.88 271.39 180.98 399.15 258.22 -1 -1 -1 -1000 -1000 -1000 -10 38.90 
Car -1 -1 1.88 477.14 181.61 518.47 206.33 -1 -1 -1 -1000 -1000 -1000 -10 27.62 
Car -1 -1 1.88 621.25 175.50 659.75 198.50 -1 -1 -1 -1000 -1000 -1000 -10 12.14 
Car -1 -1 2.83 685.50 163.44 781.84 196.39 -1 -1 -1 -1000 -1000 -1000 -10 11.83 
Car -1 -1 1.88 408.81 187.50 467.78 222.94 -1 -1 -1 -1000 -1000 -1000 -10 8.39 
Car -1 -1 -1.26 126.46 240.42 241.23 311.96 -1 -1 -1 -1000 -1000 -1000 -10 7.59 
Car -1 -1 -1.57 301.39 210.51 364.62 264.71 -1 -1 -1 -1000 -1000 -1000 -10 6.99 
Car -1 -1 -1.26 183.09 181.52 335.03 276.34 -1 -1 -1 -1000 -1000 -1000 -10 4.67 
Car -1 -1 -1.57 531.04 177.50 557.97 200.50 -1 -1 -1 -1000 -1000 -1000 -10 3.90 
Car -1 -1 -1.57 66.05 227.43 161.95 309.71 -1 -1 -1 -1000 -1000 -1000 -10 0.59 
