Car -1 -1 -1.57 666.05 166.07 724.86 216.47 -1 -1 -1 -1000 -1000 -1000 -10 37.64 
Car -1 -1 1.88 450.41 178.92 501.55 209.60 -1 -1 -1 -1000 -1000 -1000 -10 31.34 
Car -1 -1 1.88 525.25 175.50 563.75 198.50 -1 -1 -1 -1000 -1000 -1000 -10 14.81 
Car -1 -1 1.57 1172.60 153.75 1203.29 178.47 -1 -1 -1 -1000 -1000 -1000 -10 14.58 
Car -1 -1 -1.26 83.78 149.15 408.76 352.39 -1 -1 -1 -1000 -1000 -1000 -10 11.69 
Car -1 -1 1.88 1137.30 155.89 1178.62 180.61 -1 -1 -1 -1000 -1000 -1000 -10 11.56 
Car -1 -1 1.88 1105.30 155.50 1143.80 178.50 -1 -1 -1 -1000 -1000 -1000 -10 11.49 
Car -1 -1 1.88 1043.30 157.50 1081.80 180.50 -1 -1 -1 -1000 -1000 -1000 -10 11.15 
Car -1 -1 -1.26 687.81 162.32 727.86 187.04 -1 -1 -1 -1000 -1000 -1000 -10 2.50 
Car -1 -1 -1.57 788.07 157.14 829.47 192.58 -1 -1 -1 -1000 -1000 -1000 -10 0.56 
