Car -1 -1 1.88 333.25 185.50 371.75 208.50 -1 -1 -1 -1000 -1000 -1000 -10 37.88 
Car -1 -1 -1.57 517.82 187.50 739.26 377.66 -1 -1 -1 -1000 -1000 -1000 -10 29.33 
Car -1 -1 -2.83 78.88 199.58 152.42 226.18 -1 -1 -1 -1000 -1000 -1000 -10 27.51 
Car -1 -1 -2.51 220.56 189.48 303.76 220.16 -1 -1 -1 -1000 -1000 -1000 -10 19.04 
Car -1 -1 1.88 377.25 183.50 415.75 206.50 -1 -1 -1 -1000 -1000 -1000 -10 18.27 
Car -1 -1 1.88 423.25 179.50 461.75 202.50 -1 -1 -1 -1000 -1000 -1000 -10 12.20 
Car -1 -1 1.88 361.34 162.57 439.09 209.42 -1 -1 -1 -1000 -1000 -1000 -10 4.65 
Car -1 -1 -1.26 634.14 192.04 748.91 263.58 -1 -1 -1 -1000 -1000 -1000 -10 4.38 
Car -1 -1 -1.26 604.92 166.33 835.91 310.68 -1 -1 -1 -1000 -1000 -1000 -10 3.45 
Car -1 -1 1.88 144.20 192.12 195.34 222.80 -1 -1 -1 -1000 -1000 -1000 -10 2.35 
