Car -1 -1 2.20 41.99 187.50 134.94 228.36 -1 -1 -1 -1000 -1000 -1000 -10 42.30 
Car -1 -1 1.88 279.25 179.50 317.75 202.50 -1 -1 -1 -1000 -1000 -1000 -10 24.78 
Car -1 -1 1.88 232.72 181.35 280.29 209.86 -1 -1 -1 -1000 -1000 -1000 -10 14.49 
Car -1 -1 2.20 158.02 181.43 238.79 216.87 -1 -1 -1 -1000 -1000 -1000 -10 10.59 
Car -1 -1 1.88 337.25 175.50 375.75 198.50 -1 -1 -1 -1000 -1000 -1000 -10 8.17 
Car -1 -1 1.88 309.25 177.50 347.75 200.50 -1 -1 -1 -1000 -1000 -1000 -10 8.06 
Car -1 -1 -1.26 391.85 173.50 429.16 196.50 -1 -1 -1 -1000 -1000 -1000 -10 5.31 
Car -1 -1 1.88 359.25 175.50 397.75 198.50 -1 -1 -1 -1000 -1000 -1000 -10 4.77 
Car -1 -1 1.88 52.78 200.89 94.10 225.61 -1 -1 -1 -1000 -1000 -1000 -10 3.38 
Car -1 -1 1.88 102.37 191.19 149.94 219.70 -1 -1 -1 -1000 -1000 -1000 -10 2.60 
Car -1 -1 -1.26 646.12 174.27 689.17 200.87 -1 -1 -1 -1000 -1000 -1000 -10 2.28 
