Car -1 -1 -1.88 811.85 163.50 849.16 186.50 -1 -1 -1 -1000 -1000 -1000 -10 27.92 
Car -1 -1 1.26 776.25 159.22 823.82 187.73 -1 -1 -1 -1000 -1000 -1000 -10 25.27 
Car -1 -1 -2.83 167.92 169.28 265.33 204.72 -1 -1 -1 -1000 -1000 -1000 -10 20.90 
Car -1 -1 -2.20 844.60 163.50 896.39 186.50 -1 -1 -1 -1000 -1000 -1000 -10 16.94 
Car -1 -1 -2.83 673.61 168.75 742.06 193.47 -1 -1 -1 -1000 -1000 -1000 -10 14.54 
Car -1 -1 -2.20 1174.60 165.50 1226.39 188.50 -1 -1 -1 -1000 -1000 -1000 -10 12.57 
Car -1 -1 1.26 995.14 156.76 1042.71 185.27 -1 -1 -1 -1000 -1000 -1000 -10 11.82 
Car -1 -1 -0.94 145.85 176.43 209.77 204.94 -1 -1 -1 -1000 -1000 -1000 -10 11.02 
Car -1 -1 -2.20 1064.60 159.50 1116.39 182.50 -1 -1 -1 -1000 -1000 -1000 -10 9.14 
Car -1 -1 -1.57 245.04 195.50 271.97 218.50 -1 -1 -1 -1000 -1000 -1000 -10 7.44 
Car -1 -1 -0.94 1146.60 163.50 1198.39 186.50 -1 -1 -1 -1000 -1000 -1000 -10 7.38 
Car -1 -1 -2.20 1114.60 165.50 1166.39 188.50 -1 -1 -1 -1000 -1000 -1000 -10 4.53 
Car -1 -1 -1.26 1021.80 161.50 1059.11 184.50 -1 -1 -1 -1000 -1000 -1000 -10 2.02 
Car -1 -1 -1.88 1038.30 151.06 1095.46 186.50 -1 -1 -1 -1000 -1000 -1000 -10 1.36 
Car -1 -1 -1.26 877.64 140.36 958.68 190.76 -1 -1 -1 -1000 -1000 -1000 -10 1.35 
Car -1 -1 1.26 241.72 170.55 319.47 217.40 -1 -1 -1 -1000 -1000 -1000 -10 0.54 
