Car -1 -1 -1.57 576.37 181.40 612.20 212.05 -1 -1 -1 -1000 -1000 -1000 -10 50.97 
Car -1 -1 -1.26 441.46 189.87 512.15 233.79 -1 -1 -1 -1000 -1000 -1000 -10 37.96 
Car -1 -1 -0.94 62.51 177.32 287.34 278.99 -1 -1 -1 -1000 -1000 -1000 -10 37.61 
Car -1 -1 -1.26 312.47 191.72 454.19 280.14 -1 -1 -1 -1000 -1000 -1000 -10 31.52 
Car -1 -1 -1.57 482.04 183.05 520.51 215.97 -1 -1 -1 -1000 -1000 -1000 -10 25.44 
Car -1 -1 -1.57 74.65 173.41 164.14 250.18 -1 -1 -1 -1000 -1000 -1000 -10 17.81 
Car -1 -1 -1.26 265.03 170.80 358.16 228.78 -1 -1 -1 -1000 -1000 -1000 -10 17.09 
Car -1 -1 -1.57 509.08 183.72 538.00 208.44 -1 -1 -1 -1000 -1000 -1000 -10 14.35 
Car -1 -1 -1.57 288.32 205.14 317.25 229.86 -1 -1 -1 -1000 -1000 -1000 -10 12.14 
Car -1 -1 -1.57 251.95 235.00 335.67 306.81 -1 -1 -1 -1000 -1000 -1000 -10 7.03 
Car -1 -1 1.88 295.87 197.20 340.30 223.80 -1 -1 -1 -1000 -1000 -1000 -10 5.15 
Car -1 -1 -1.26 390.71 181.18 447.76 216.55 -1 -1 -1 -1000 -1000 -1000 -10 3.98 
Car -1 -1 -1.88 423.82 185.88 476.96 218.80 -1 -1 -1 -1000 -1000 -1000 -10 2.12 
Car -1 -1 -1.26 167.83 183.00 243.49 230.03 -1 -1 -1 -1000 -1000 -1000 -10 2.00 
Car -1 -1 -0.31 46.56 261.50 110.44 284.50 -1 -1 -1 -1000 -1000 -1000 -10 0.75 
