Car -1 -1 1.26 722.48 178.43 960.69 322.78 -1 -1 -1 -1000 -1000 -1000 -10 60.40 
Car -1 -1 1.88 426.85 185.99 545.23 257.53 -1 -1 -1 -1000 -1000 -1000 -10 50.63 
Car -1 -1 -1.88 682.49 185.99 797.26 257.53 -1 -1 -1 -1000 -1000 -1000 -10 21.23 
Car -1 -1 1.57 523.70 183.25 564.53 216.20 -1 -1 -1 -1000 -1000 -1000 -10 20.34 
Car -1 -1 1.57 546.75 181.61 577.44 206.33 -1 -1 -1 -1000 -1000 -1000 -10 13.81 
Car -1 -1 -1.88 691.38 206.98 752.57 244.94 -1 -1 -1 -1000 -1000 -1000 -10 6.61 
Car -1 -1 1.26 635.19 168.35 686.33 199.03 -1 -1 -1 -1000 -1000 -1000 -10 5.72 
Car -1 -1 1.26 653.28 183.81 700.85 212.32 -1 -1 -1 -1000 -1000 -1000 -10 4.74 
Car -1 -1 1.26 660.38 186.50 738.13 233.35 -1 -1 -1 -1000 -1000 -1000 -10 4.62 
Car -1 -1 1.88 478.66 181.35 526.23 209.86 -1 -1 -1 -1000 -1000 -1000 -10 2.22 
