Car -1 -1 1.57 220.98 183.25 261.81 216.20 -1 -1 -1 -1000 -1000 -1000 -10 60.26 
Car -1 -1 -1.88 514.56 187.50 638.44 264.74 -1 -1 -1 -1000 -1000 -1000 -10 46.57 
Car -1 -1 -1.57 416.97 180.52 464.68 221.38 -1 -1 -1 -1000 -1000 -1000 -10 34.18 
Car -1 -1 -1.57 381.04 173.50 407.97 196.50 -1 -1 -1 -1000 -1000 -1000 -10 29.55 
Car -1 -1 -2.83 571.75 163.25 691.63 207.01 -1 -1 -1 -1000 -1000 -1000 -10 18.43 
Car -1 -1 -1.57 400.38 180.42 438.89 213.37 -1 -1 -1 -1000 -1000 -1000 -10 12.49 
Car -1 -1 -2.20 611.68 119.79 1161.43 369.17 -1 -1 -1 -1000 -1000 -1000 -10 9.14 
Car -1 -1 -1.26 21.94 200.62 164.66 289.67 -1 -1 -1 -1000 -1000 -1000 -10 8.90 
Car -1 -1 -1.57 912.33 126.08 1091.96 280.32 -1 -1 -1 -1000 -1000 -1000 -10 7.06 
Car -1 -1 -1.26 81.76 205.72 138.92 241.16 -1 -1 -1 -1000 -1000 -1000 -10 4.66 
Car -1 -1 1.88 255.25 181.50 293.75 204.50 -1 -1 -1 -1000 -1000 -1000 -10 4.62 
Car -1 -1 -1.57 516.41 210.44 571.09 257.29 -1 -1 -1 -1000 -1000 -1000 -10 2.66 
