Car -1 -1 -1.57 547.80 168.35 583.66 199.03 -1 -1 -1 -1000 -1000 -1000 -10 52.87 
Car -1 -1 -1.57 665.83 170.71 716.91 214.47 -1 -1 -1 -1000 -1000 -1000 -10 50.34 
Car -1 -1 -1.26 370.22 178.88 534.40 281.37 -1 -1 -1 -1000 -1000 -1000 -10 42.67 
Car -1 -1 -1.26 173.94 171.54 478.05 361.70 -1 -1 -1 -1000 -1000 -1000 -10 28.49 
Car -1 -1 -1.88 641.26 168.35 690.82 199.03 -1 -1 -1 -1000 -1000 -1000 -10 20.24 
Car -1 -1 -1.88 708.96 175.16 896.79 292.47 -1 -1 -1 -1000 -1000 -1000 -10 19.71 
Car -1 -1 -1.57 454.04 239.12 495.44 274.56 -1 -1 -1 -1000 -1000 -1000 -10 5.39 
Car -1 -1 -1.88 832.38 166.19 1157.37 369.43 -1 -1 -1 -1000 -1000 -1000 -10 3.75 
Car -1 -1 -1.26 258.09 187.50 422.27 289.99 -1 -1 -1 -1000 -1000 -1000 -10 1.35 
Car -1 -1 -1.57 687.04 173.50 713.97 196.50 -1 -1 -1 -1000 -1000 -1000 -10 1.04 
Car -1 -1 1.26 403.08 187.50 492.93 241.70 -1 -1 -1 -1000 -1000 -1000 -10 0.16 
