Car -1 -1 -0.94 445.95 176.40 575.28 234.65 -1 -1 -1 -1000 -1000 -1000 -10 45.05 
Car -1 -1 -1.57 721.88 166.60 755.22 195.11 -1 -1 -1 -1000 -1000 -1000 -10 43.99 
Car -1 -1 1.88 349.47 184.25 412.60 222.21 -1 -1 -1 -1000 -1000 -1000 -10 36.61 
Car -1 -1 -1.57 605.24 167.69 678.02 230.10 -1 -1 -1 -1000 -1000 -1000 -10 26.80 
Car -1 -1 1.88 1169.40 153.75 1210.73 178.47 -1 -1 -1 -1000 -1000 -1000 -10 16.60 
Car -1 -1 1.88 1041.30 157.50 1079.80 180.50 -1 -1 -1 -1000 -1000 -1000 -10 12.10 
Car -1 -1 1.88 1137.30 155.89 1178.62 180.61 -1 -1 -1 -1000 -1000 -1000 -10 10.50 
Car -1 -1 1.88 1109.40 153.75 1150.73 178.47 -1 -1 -1 -1000 -1000 -1000 -10 8.38 
Car -1 -1 -1.57 511.74 196.61 553.14 232.05 -1 -1 -1 -1000 -1000 -1000 -10 5.92 
Car -1 -1 1.26 26.11 195.96 136.57 262.69 -1 -1 -1 -1000 -1000 -1000 -10 5.77 
Car -1 -1 -1.57 329.04 177.50 355.97 200.50 -1 -1 -1 -1000 -1000 -1000 -10 4.37 
Car -1 -1 -1.57 393.32 192.32 422.25 217.04 -1 -1 -1 -1000 -1000 -1000 -10 3.61 
Car -1 -1 -1.57 657.59 184.25 701.93 222.21 -1 -1 -1 -1000 -1000 -1000 -10 0.85 
