Car -1 -1 1.57 509.55 177.59 550.38 210.54 -1 -1 -1 -1000 -1000 -1000 -10 65.64 
Car -1 -1 1.88 142.70 180.64 322.11 289.26 -1 -1 -1 -1000 -1000 -1000 -10 63.09 
Car -1 -1 1.88 293.88 179.94 412.26 251.48 -1 -1 -1 -1000 -1000 -1000 -10 46.44 
Car -1 -1 1.57 484.60 179.46 515.29 204.18 -1 -1 -1 -1000 -1000 -1000 -10 35.86 
Car -1 -1 -1.57 629.04 173.50 655.97 196.50 -1 -1 -1 -1000 -1000 -1000 -10 18.96 
Car -1 -1 1.88 414.41 184.25 477.54 222.21 -1 -1 -1 -1000 -1000 -1000 -10 17.93 
Car -1 -1 2.83 682.67 163.44 779.01 196.39 -1 -1 -1 -1000 -1000 -1000 -10 10.04 
Car -1 -1 -1.57 330.15 208.02 381.23 251.78 -1 -1 -1 -1000 -1000 -1000 -10 5.26 
Car -1 -1 -1.88 721.85 167.50 759.16 190.50 -1 -1 -1 -1000 -1000 -1000 -10 4.09 
Car -1 -1 -1.26 189.86 231.07 290.07 293.48 -1 -1 -1 -1000 -1000 -1000 -10 0.48 
