Car -1 -1 2.20 0.32 189.79 245.32 298.41 -1 -1 -1 -1000 -1000 -1000 -10 57.17 
Car -1 -1 -1.57 579.66 177.76 624.00 215.72 -1 -1 -1 -1000 -1000 -1000 -10 55.66 
Car -1 -1 -1.57 680.38 167.76 758.19 234.49 -1 -1 -1 -1000 -1000 -1000 -10 46.01 
Car -1 -1 -1.88 806.91 176.25 1092.66 354.91 -1 -1 -1 -1000 -1000 -1000 -10 22.97 
Car -1 -1 -1.57 642.89 171.97 674.01 198.57 -1 -1 -1 -1000 -1000 -1000 -10 16.57 
Car -1 -1 -1.57 597.95 170.99 633.81 201.67 -1 -1 -1 -1000 -1000 -1000 -10 14.44 
Car -1 -1 -0.31 132.69 194.48 261.05 241.33 -1 -1 -1 -1000 -1000 -1000 -10 7.89 
Car -1 -1 -1.57 666.59 184.20 702.45 214.88 -1 -1 -1 -1000 -1000 -1000 -10 7.24 
Car -1 -1 1.26 679.94 208.78 724.37 235.38 -1 -1 -1 -1000 -1000 -1000 -10 7.18 
Car -1 -1 1.88 52.47 240.54 148.98 298.79 -1 -1 -1 -1000 -1000 -1000 -10 4.41 
Car -1 -1 -1.57 631.79 170.36 690.60 220.76 -1 -1 -1 -1000 -1000 -1000 -10 2.79 
Car -1 -1 -1.57 621.04 171.50 647.97 194.50 -1 -1 -1 -1000 -1000 -1000 -10 2.16 
Car -1 -1 2.20 59.11 274.80 124.34 303.31 -1 -1 -1 -1000 -1000 -1000 -10 1.27 
