Car -1 -1 1.88 334.89 170.62 482.08 259.67 -1 -1 -1 -1000 -1000 -1000 -10 62.03 
Car -1 -1 -1.88 776.98 161.25 1062.73 339.91 -1 -1 -1 -1000 -1000 -1000 -10 42.61 
Car -1 -1 -1.88 689.34 161.64 853.52 264.13 -1 -1 -1 -1000 -1000 -1000 -10 34.39 
Car -1 -1 -1.88 613.85 155.50 651.16 178.50 -1 -1 -1 -1000 -1000 -1000 -10 25.97 
Car -1 -1 1.57 477.67 161.53 524.68 199.49 -1 -1 -1 -1000 -1000 -1000 -10 22.92 
Car -1 -1 1.88 412.97 166.53 509.48 224.78 -1 -1 -1 -1000 -1000 -1000 -10 20.77 
Car -1 -1 -1.88 656.43 161.60 750.00 219.85 -1 -1 -1 -1000 -1000 -1000 -10 12.19 
Car -1 -1 -1.57 735.71 218.42 790.39 265.27 -1 -1 -1 -1000 -1000 -1000 -10 4.56 
Car -1 -1 -1.88 832.10 178.82 964.02 261.10 -1 -1 -1 -1000 -1000 -1000 -10 3.81 
Car -1 -1 1.57 683.58 163.21 727.48 198.65 -1 -1 -1 -1000 -1000 -1000 -10 2.36 
