Car -1 -1 1.88 663.79 180.42 718.67 213.37 -1 -1 -1 -1000 -1000 -1000 -10 40.78 
Car -1 -1 1.88 66.73 194.10 170.09 256.51 -1 -1 -1 -1000 -1000 -1000 -10 31.56 
Car -1 -1 1.88 141.73 197.97 209.63 238.83 -1 -1 -1 -1000 -1000 -1000 -10 13.30 
Car -1 -1 1.57 1129.50 31.63 1162.51 58.23 -1 -1 -1 -1000 -1000 -1000 -10 8.22 
Car -1 -1 -1.57 863.04 171.50 889.97 194.50 -1 -1 -1 -1000 -1000 -1000 -10 7.30 
Car -1 -1 -1.57 881.04 169.50 907.97 192.50 -1 -1 -1 -1000 -1000 -1000 -10 6.29 
Car -1 -1 1.88 259.25 189.50 297.75 212.50 -1 -1 -1 -1000 -1000 -1000 -10 5.12 
Car -1 -1 -1.57 769.04 173.50 795.97 196.50 -1 -1 -1 -1000 -1000 -1000 -10 4.63 
Car -1 -1 -1.57 1165.50 89.13 1201.36 119.81 -1 -1 -1 -1000 -1000 -1000 -10 3.88 
Car -1 -1 -1.57 168.28 211.61 197.21 236.33 -1 -1 -1 -1000 -1000 -1000 -10 3.10 
Car -1 -1 1.88 43.89 194.76 95.03 225.44 -1 -1 -1 -1000 -1000 -1000 -10 0.21 
