Car -1 -1 -1.26 289.88 190.52 520.87 334.87 -1 -1 -1 -1000 -1000 -1000 -10 40.65 
Car -1 -1 -1.57 663.38 178.26 736.16 240.67 -1 -1 -1 -1000 -1000 -1000 -10 35.34 
Car -1 -1 -1.57 549.54 180.52 597.25 221.38 -1 -1 -1 -1000 -1000 -1000 -10 33.65 
Car -1 -1 -1.57 636.76 180.52 684.47 221.38 -1 -1 -1 -1000 -1000 -1000 -10 16.20 
Car -1 -1 1.88 113.82 187.50 181.72 228.36 -1 -1 -1 -1000 -1000 -1000 -10 15.98 
Car -1 -1 1.26 245.53 185.99 363.91 257.53 -1 -1 -1 -1000 -1000 -1000 -10 13.11 
Car -1 -1 -1.57 617.04 187.50 643.97 210.50 -1 -1 -1 -1000 -1000 -1000 -10 6.19 
Car -1 -1 -1.57 471.88 174.44 522.96 218.20 -1 -1 -1 -1000 -1000 -1000 -10 5.71 
Car -1 -1 -1.57 383.90 258.57 467.30 330.11 -1 -1 -1 -1000 -1000 -1000 -10 4.83 
Car -1 -1 1.88 307.82 179.46 349.14 204.18 -1 -1 -1 -1000 -1000 -1000 -10 3.47 
Car -1 -1 -1.57 325.49 277.80 356.61 304.40 -1 -1 -1 -1000 -1000 -1000 -10 1.47 
Car -1 -1 -1.57 205.03 181.33 272.97 239.58 -1 -1 -1 -1000 -1000 -1000 -10 0.78 
