Car -1 -1 2.20 148.17 188.82 289.47 251.23 -1 -1 -1 -1000 -1000 -1000 -10 49.23 
Car -1 -1 1.88 463.25 175.50 501.75 198.50 -1 -1 -1 -1000 -1000 -1000 -10 48.25 
Car -1 -1 -1.57 576.27 176.94 722.84 302.76 -1 -1 -1 -1000 -1000 -1000 -10 44.04 
Car -1 -1 -0.94 699.38 170.36 811.44 220.76 -1 -1 -1 -1000 -1000 -1000 -10 36.56 
Car -1 -1 -1.26 883.42 166.19 1208.41 369.43 -1 -1 -1 -1000 -1000 -1000 -10 35.38 
Car -1 -1 1.88 408.81 172.32 467.78 207.76 -1 -1 -1 -1000 -1000 -1000 -10 34.62 
Car -1 -1 1.88 378.45 178.39 437.42 213.83 -1 -1 -1 -1000 -1000 -1000 -10 27.98 
Car -1 -1 1.88 263.84 177.03 331.74 217.89 -1 -1 -1 -1000 -1000 -1000 -10 27.33 
Car -1 -1 -1.57 709.12 172.32 750.52 207.76 -1 -1 -1 -1000 -1000 -1000 -10 10.95 
Car -1 -1 -1.57 681.99 174.27 713.11 200.87 -1 -1 -1 -1000 -1000 -1000 -10 10.45 
Car -1 -1 -0.94 -23.27 178.88 203.37 281.37 -1 -1 -1 -1000 -1000 -1000 -10 7.39 
Car -1 -1 1.88 171.95 217.86 230.92 253.30 -1 -1 -1 -1000 -1000 -1000 -10 5.37 
Car -1 -1 -1.57 225.35 190.49 280.03 237.34 -1 -1 -1 -1000 -1000 -1000 -10 4.62 
Car -1 -1 -1.57 116.85 87.32 145.78 112.04 -1 -1 -1 -1000 -1000 -1000 -10 3.97 
Car -1 -1 -1.26 985.60 171.49 1159.56 280.11 -1 -1 -1 -1000 -1000 -1000 -10 1.69 
Car -1 -1 -1.57 391.04 191.50 417.97 214.50 -1 -1 -1 -1000 -1000 -1000 -10 1.16 
