Car -1 -1 1.88 356.43 189.49 513.13 284.31 -1 -1 -1 -1000 -1000 -1000 -10 42.80 
Car -1 -1 -0.31 732.17 165.30 1051.01 282.61 -1 -1 -1 -1000 -1000 -1000 -10 35.73 
Car -1 -1 1.88 427.59 157.99 563.65 240.27 -1 -1 -1 -1000 -1000 -1000 -10 25.51 
Car -1 -1 -0.08 633.42 169.10 777.78 223.30 -1 -1 -1 -1000 -1000 -1000 -10 22.98 
Car -1 -1 -1.57 617.59 171.97 648.71 198.57 -1 -1 -1 -1000 -1000 -1000 -10 18.29 
Car -1 -1 -1.88 702.26 173.54 854.20 268.36 -1 -1 -1 -1000 -1000 -1000 -10 9.59 
Car -1 -1 -1.57 477.61 187.50 536.42 237.90 -1 -1 -1 -1000 -1000 -1000 -10 7.01 
Car -1 -1 -1.57 530.05 183.81 563.39 212.32 -1 -1 -1 -1000 -1000 -1000 -10 4.95 
Car -1 -1 -1.57 468.09 217.98 499.21 244.58 -1 -1 -1 -1000 -1000 -1000 -10 4.37 
Car -1 -1 -1.26 148.50 191.25 434.25 369.91 -1 -1 -1 -1000 -1000 -1000 -10 3.33 
Car -1 -1 -1.26 1167.80 229.50 1205.11 252.50 -1 -1 -1 -1000 -1000 -1000 -10 3.05 
Car -1 -1 -1.88 357.85 199.50 395.16 222.50 -1 -1 -1 -1000 -1000 -1000 -10 1.25 
