Car -1 -1 1.88 287.84 198.08 406.22 269.62 -1 -1 -1 -1000 -1000 -1000 -10 58.68 
Car -1 -1 1.88 429.12 178.52 506.87 225.37 -1 -1 -1 -1000 -1000 -1000 -10 35.99 
Car -1 -1 1.88 373.30 194.48 451.05 241.33 -1 -1 -1 -1000 -1000 -1000 -10 26.52 
Car -1 -1 -1.57 503.04 183.50 529.97 206.50 -1 -1 -1 -1000 -1000 -1000 -10 24.71 
Car -1 -1 -1.57 680.38 173.40 758.19 240.13 -1 -1 -1 -1000 -1000 -1000 -10 20.77 
Car -1 -1 -1.57 451.35 196.11 484.69 224.62 -1 -1 -1 -1000 -1000 -1000 -10 13.96 
Car -1 -1 -1.57 399.75 218.04 428.68 242.76 -1 -1 -1 -1000 -1000 -1000 -10 11.51 
Car -1 -1 -1.26 1152.00 138.63 1227.38 185.48 -1 -1 -1 -1000 -1000 -1000 -10 9.87 
Car -1 -1 -1.26 405.85 195.50 443.16 218.50 -1 -1 -1 -1000 -1000 -1000 -10 5.40 
Car -1 -1 1.88 525.25 177.50 563.75 200.50 -1 -1 -1 -1000 -1000 -1000 -10 3.15 
Car -1 -1 -1.26 342.75 200.89 382.80 225.61 -1 -1 -1 -1000 -1000 -1000 -10 2.54 
Car -1 -1 1.26 547.25 177.50 585.75 200.50 -1 -1 -1 -1000 -1000 -1000 -10 1.81 
