Car -1 -1 1.88 408.30 187.50 536.06 264.74 -1 -1 -1 -1000 -1000 -1000 -10 56.40 
Car -1 -1 1.26 742.59 176.25 1037.26 354.91 -1 -1 -1 -1000 -1000 -1000 -10 54.92 
Car -1 -1 -1.88 693.33 185.76 825.25 268.04 -1 -1 -1 -1000 -1000 -1000 -10 31.59 
Car -1 -1 1.57 664.30 183.81 699.66 212.32 -1 -1 -1 -1000 -1000 -1000 -10 16.90 
Car -1 -1 1.57 546.75 181.61 577.44 206.33 -1 -1 -1 -1000 -1000 -1000 -10 15.77 
Car -1 -1 1.57 516.63 181.01 563.64 218.97 -1 -1 -1 -1000 -1000 -1000 -10 14.02 
Car -1 -1 1.26 665.28 187.50 755.13 241.70 -1 -1 -1 -1000 -1000 -1000 -10 12.55 
Car -1 -1 -1.57 649.04 177.50 675.97 200.50 -1 -1 -1 -1000 -1000 -1000 -10 9.31 
Car -1 -1 2.83 370.35 226.68 497.68 270.44 -1 -1 -1 -1000 -1000 -1000 -10 3.78 
Car -1 -1 1.57 727.69 226.46 774.70 264.42 -1 -1 -1 -1000 -1000 -1000 -10 1.70 
Car -1 -1 1.26 781.96 144.05 961.37 252.67 -1 -1 -1 -1000 -1000 -1000 -10 1.48 
Car -1 -1 -1.88 704.36 210.23 765.55 248.19 -1 -1 -1 -1000 -1000 -1000 -10 0.29 
