Car -1 -1 2.51 125.16 174.44 250.56 218.20 -1 -1 -1 -1000 -1000 -1000 -10 37.45 
Car -1 -1 2.51 71.53 184.46 173.44 219.90 -1 -1 -1 -1000 -1000 -1000 -10 26.15 
Car -1 -1 1.88 264.96 173.04 306.28 197.76 -1 -1 -1 -1000 -1000 -1000 -10 16.31 
Car -1 -1 -2.83 371.41 173.04 439.86 197.76 -1 -1 -1 -1000 -1000 -1000 -10 16.02 
Car -1 -1 1.26 1011.10 162.77 1055.53 189.37 -1 -1 -1 -1000 -1000 -1000 -10 15.59 
Car -1 -1 1.26 805.05 164.46 846.38 189.18 -1 -1 -1 -1000 -1000 -1000 -10 13.53 
Car -1 -1 -2.83 828.59 173.50 892.40 196.50 -1 -1 -1 -1000 -1000 -1000 -10 10.49 
Car -1 -1 -2.20 1154.60 167.50 1206.39 190.50 -1 -1 -1 -1000 -1000 -1000 -10 9.07 
Car -1 -1 -0.94 348.60 175.50 400.39 198.50 -1 -1 -1 -1000 -1000 -1000 -10 8.19 
Car -1 -1 -1.26 891.85 167.50 929.16 190.50 -1 -1 -1 -1000 -1000 -1000 -10 7.85 
Car -1 -1 1.88 153.25 177.50 191.75 200.50 -1 -1 -1 -1000 -1000 -1000 -10 5.54 
Car -1 -1 -1.57 1098.30 155.87 1129.42 182.47 -1 -1 -1 -1000 -1000 -1000 -10 4.44 
Car -1 -1 -2.20 1124.60 167.50 1176.39 190.50 -1 -1 -1 -1000 -1000 -1000 -10 3.93 
Car -1 -1 -1.88 1037.80 165.50 1075.11 188.50 -1 -1 -1 -1000 -1000 -1000 -10 3.57 
Car -1 -1 -2.20 1192.60 165.50 1244.39 188.50 -1 -1 -1 -1000 -1000 -1000 -10 1.58 
