Car -1 -1 1.88 333.25 185.50 371.75 208.50 -1 -1 -1 -1000 -1000 -1000 -10 35.42 
Car -1 -1 -2.51 257.14 188.73 334.58 217.24 -1 -1 -1 -1000 -1000 -1000 -10 30.95 
Car -1 -1 -1.57 519.26 166.19 755.91 369.43 -1 -1 -1 -1000 -1000 -1000 -10 29.69 
Car -1 -1 -2.51 123.22 194.58 212.46 227.53 -1 -1 -1 -1000 -1000 -1000 -10 29.26 
Car -1 -1 -2.20 -1.72 205.94 62.20 234.45 -1 -1 -1 -1000 -1000 -1000 -10 23.59 
Car -1 -1 1.88 377.25 183.50 415.75 206.50 -1 -1 -1 -1000 -1000 -1000 -10 18.42 
Car -1 -1 1.88 423.25 179.50 461.75 202.50 -1 -1 -1 -1000 -1000 -1000 -10 18.01 
Car -1 -1 1.88 361.34 162.57 439.09 209.42 -1 -1 -1 -1000 -1000 -1000 -10 5.91 
Car -1 -1 -1.26 614.40 181.52 766.34 276.34 -1 -1 -1 -1000 -1000 -1000 -10 3.85 
Car -1 -1 -1.26 36.27 205.18 76.32 229.90 -1 -1 -1 -1000 -1000 -1000 -10 3.71 
Car -1 -1 1.88 299.49 175.35 358.46 210.79 -1 -1 -1 -1000 -1000 -1000 -10 0.96 
