Car -1 -1 1.88 315.63 174.44 388.30 218.20 -1 -1 -1 -1000 -1000 -1000 -10 53.32 
Car -1 -1 -1.57 586.59 173.70 649.82 227.90 -1 -1 -1 -1000 -1000 -1000 -10 46.22 
Car -1 -1 -1.26 804.45 167.61 1020.78 302.78 -1 -1 -1 -1000 -1000 -1000 -10 26.49 
Car -1 -1 1.88 414.98 179.46 456.31 204.18 -1 -1 -1 -1000 -1000 -1000 -10 19.68 
Car -1 -1 1.88 366.30 175.35 425.27 210.79 -1 -1 -1 -1000 -1000 -1000 -10 15.84 
Car -1 -1 -0.94 678.73 155.75 837.28 227.29 -1 -1 -1 -1000 -1000 -1000 -10 10.51 
Car -1 -1 -1.57 679.69 167.37 710.81 193.97 -1 -1 -1 -1000 -1000 -1000 -10 8.71 
Car -1 -1 -1.57 661.29 171.97 692.41 198.57 -1 -1 -1 -1000 -1000 -1000 -10 7.50 
Car -1 -1 -1.26 688.45 159.22 734.55 187.73 -1 -1 -1 -1000 -1000 -1000 -10 5.83 
Car -1 -1 -1.57 495.00 165.71 530.86 196.39 -1 -1 -1 -1000 -1000 -1000 -10 5.40 
Car -1 -1 -1.88 729.89 171.49 903.85 280.11 -1 -1 -1 -1000 -1000 -1000 -10 3.93 
Car -1 -1 -1.57 611.21 176.43 644.55 204.94 -1 -1 -1 -1000 -1000 -1000 -10 3.82 
Car -1 -1 -2.51 758.99 166.57 869.26 207.43 -1 -1 -1 -1000 -1000 -1000 -10 3.17 
Car -1 -1 -1.57 471.04 173.50 497.97 196.50 -1 -1 -1 -1000 -1000 -1000 -10 2.81 
Car -1 -1 -1.88 734.47 170.71 804.91 214.47 -1 -1 -1 -1000 -1000 -1000 -10 1.44 
Car -1 -1 -1.57 595.04 173.50 621.97 196.50 -1 -1 -1 -1000 -1000 -1000 -10 1.05 
