Car -1 -1 1.88 105.50 155.59 419.11 345.75 -1 -1 -1 -1000 -1000 -1000 -10 30.68 
Car -1 -1 1.88 415.54 183.54 518.90 245.95 -1 -1 -1 -1000 -1000 -1000 -10 26.45 
Car -1 -1 1.88 333.14 178.88 502.46 281.37 -1 -1 -1 -1000 -1000 -1000 -10 11.18 
Car -1 -1 1.88 979.07 155.81 1186.79 281.63 -1 -1 -1 -1000 -1000 -1000 -10 9.21 
Car -1 -1 2.20 773.82 155.75 935.60 227.29 -1 -1 -1 -1000 -1000 -1000 -10 9.18 
Car -1 -1 -1.57 463.64 215.78 496.98 244.29 -1 -1 -1 -1000 -1000 -1000 -10 4.90 
Car -1 -1 -1.57 574.23 125.62 678.00 214.67 -1 -1 -1 -1000 -1000 -1000 -10 1.89 
Car -1 -1 1.57 406.94 166.98 461.09 210.74 -1 -1 -1 -1000 -1000 -1000 -10 1.71 
Car -1 -1 2.20 938.56 169.10 1061.44 223.30 -1 -1 -1 -1000 -1000 -1000 -10 1.48 
Car -1 -1 1.88 827.87 160.17 886.84 195.61 -1 -1 -1 -1000 -1000 -1000 -10 1.30 
