Car -1 -1 -1.26 821.88 161.25 1107.63 339.91 -1 -1 -1 -1000 -1000 -1000 -10 52.75 
Car -1 -1 1.88 465.25 175.50 503.75 198.50 -1 -1 -1 -1000 -1000 -1000 -10 46.31 
Car -1 -1 -1.57 576.83 175.16 713.50 292.47 -1 -1 -1 -1000 -1000 -1000 -10 39.91 
Car -1 -1 -0.94 698.59 170.71 796.05 214.47 -1 -1 -1 -1000 -1000 -1000 -10 39.15 
Car -1 -1 2.20 173.02 186.27 304.98 244.52 -1 -1 -1 -1000 -1000 -1000 -10 37.42 
Car -1 -1 1.88 412.00 174.76 466.88 207.71 -1 -1 -1 -1000 -1000 -1000 -10 26.15 
Car -1 -1 1.88 275.20 178.39 334.17 213.83 -1 -1 -1 -1000 -1000 -1000 -10 26.06 
Car -1 -1 1.88 387.05 178.92 438.19 209.60 -1 -1 -1 -1000 -1000 -1000 -10 22.69 
Car -1 -1 -1.26 36.95 178.12 179.67 267.17 -1 -1 -1 -1000 -1000 -1000 -10 19.69 
Car -1 -1 -1.57 703.54 173.64 739.40 204.32 -1 -1 -1 -1000 -1000 -1000 -10 10.37 
Car -1 -1 -1.57 675.15 173.98 708.49 202.49 -1 -1 -1 -1000 -1000 -1000 -10 9.07 
Car -1 -1 2.20 180.11 218.04 236.82 242.76 -1 -1 -1 -1000 -1000 -1000 -10 2.37 
Car -1 -1 -1.26 901.93 173.54 1053.87 268.36 -1 -1 -1 -1000 -1000 -1000 -10 2.02 
Car -1 -1 -1.57 377.04 177.50 403.97 200.50 -1 -1 -1 -1000 -1000 -1000 -10 1.98 
Car -1 -1 -1.26 214.16 220.18 254.21 244.90 -1 -1 -1 -1000 -1000 -1000 -10 1.20 
Car -1 -1 -1.57 667.95 149.70 751.35 221.24 -1 -1 -1 -1000 -1000 -1000 -10 0.22 
