Car -1 -1 1.26 783.63 159.22 831.20 187.73 -1 -1 -1 -1000 -1000 -1000 -10 29.22 
Car -1 -1 2.83 195.25 169.28 298.72 204.72 -1 -1 -1 -1000 -1000 -1000 -10 23.64 
Car -1 -1 -1.88 817.85 163.50 855.16 186.50 -1 -1 -1 -1000 -1000 -1000 -10 23.39 
Car -1 -1 2.83 697.19 168.75 769.93 193.47 -1 -1 -1 -1000 -1000 -1000 -10 22.41 
Car -1 -1 -1.88 863.85 163.50 901.16 186.50 -1 -1 -1 -1000 -1000 -1000 -10 21.93 
Car -1 -1 1.26 996.84 155.15 1047.98 185.83 -1 -1 -1 -1000 -1000 -1000 -10 18.17 
Car -1 -1 -2.51 1063.10 159.50 1125.89 182.50 -1 -1 -1 -1000 -1000 -1000 -10 8.20 
Car -1 -1 -2.20 1148.60 163.50 1200.39 186.50 -1 -1 -1 -1000 -1000 -1000 -10 6.54 
Car -1 -1 -2.20 1182.60 163.50 1234.39 186.50 -1 -1 -1 -1000 -1000 -1000 -10 5.96 
Car -1 -1 1.88 177.09 166.61 218.42 191.33 -1 -1 -1 -1000 -1000 -1000 -10 5.26 
Car -1 -1 1.88 878.05 152.51 929.19 183.19 -1 -1 -1 -1000 -1000 -1000 -10 2.62 
Car -1 -1 1.88 988.92 119.46 1107.30 191.00 -1 -1 -1 -1000 -1000 -1000 -10 1.50 
