Car -1 -1 -1.26 357.57 186.48 472.78 258.29 -1 -1 -1 -1000 -1000 -1000 -10 57.00 
Car -1 -1 -1.57 576.37 178.76 612.20 209.41 -1 -1 -1 -1000 -1000 -1000 -10 38.21 
Car -1 -1 -1.57 491.97 181.40 527.80 212.05 -1 -1 -1 -1000 -1000 -1000 -10 37.47 
Car -1 -1 -1.57 447.93 184.74 492.41 222.82 -1 -1 -1 -1000 -1000 -1000 -10 26.16 
Car -1 -1 -1.26 325.41 178.65 396.10 222.57 -1 -1 -1 -1000 -1000 -1000 -10 25.98 
Car -1 -1 1.57 492.21 169.50 520.78 192.50 -1 -1 -1 -1000 -1000 -1000 -10 15.29 
Car -1 -1 -1.57 322.81 196.34 364.13 231.71 -1 -1 -1 -1000 -1000 -1000 -10 9.45 
Car -1 -1 -1.26 129.11 192.86 252.24 269.63 -1 -1 -1 -1000 -1000 -1000 -10 5.45 
Car -1 -1 -1.26 160.92 166.09 214.06 199.01 -1 -1 -1 -1000 -1000 -1000 -10 5.07 
Car -1 -1 -1.26 467.85 199.50 505.16 222.50 -1 -1 -1 -1000 -1000 -1000 -10 5.03 
Car -1 -1 1.88 114.15 256.99 158.58 283.59 -1 -1 -1 -1000 -1000 -1000 -10 4.88 
Car -1 -1 1.88 172.54 270.66 299.53 347.43 -1 -1 -1 -1000 -1000 -1000 -10 4.48 
Car -1 -1 -1.57 516.76 166.02 558.08 201.39 -1 -1 -1 -1000 -1000 -1000 -10 3.68 
Car -1 -1 -1.26 213.85 169.50 251.16 192.50 -1 -1 -1 -1000 -1000 -1000 -10 2.37 
Car -1 -1 -0.31 52.20 155.84 372.02 273.51 -1 -1 -1 -1000 -1000 -1000 -10 1.49 
Car -1 -1 -1.88 77.27 160.45 200.40 237.22 -1 -1 -1 -1000 -1000 -1000 -10 1.37 
Car -1 -1 -1.26 341.85 179.50 379.16 202.50 -1 -1 -1 -1000 -1000 -1000 -10 0.76 
Car -1 -1 -1.57 421.87 174.35 505.59 246.16 -1 -1 -1 -1000 -1000 -1000 -10 0.33 
