Car -1 -1 1.88 792.19 177.32 833.52 202.04 -1 -1 -1 -1000 -1000 -1000 -10 45.82 
Car -1 -1 1.88 289.57 186.50 367.32 233.35 -1 -1 -1 -1000 -1000 -1000 -10 39.65 
Car -1 -1 -2.20 960.60 167.50 1012.39 190.50 -1 -1 -1 -1000 -1000 -1000 -10 18.93 
Car -1 -1 1.57 240.63 184.25 287.64 222.21 -1 -1 -1 -1000 -1000 -1000 -10 16.48 
Car -1 -1 -1.57 348.05 193.65 381.39 222.16 -1 -1 -1 -1000 -1000 -1000 -10 14.63 
Car -1 -1 -0.94 160.60 197.50 212.39 220.50 -1 -1 -1 -1000 -1000 -1000 -10 10.67 
Car -1 -1 1.88 862.92 168.75 904.25 193.47 -1 -1 -1 -1000 -1000 -1000 -10 9.55 
Car -1 -1 2.20 130.81 194.46 187.52 219.18 -1 -1 -1 -1000 -1000 -1000 -10 8.88 
Car -1 -1 -0.31 32.66 198.57 111.44 227.08 -1 -1 -1 -1000 -1000 -1000 -10 4.27 
Car -1 -1 -1.57 1049.20 166.24 1090.60 201.68 -1 -1 -1 -1000 -1000 -1000 -10 0.29 
