Car -1 -1 1.88 279.03 197.41 333.91 230.36 -1 -1 -1 -1000 -1000 -1000 -10 54.15 
Car -1 -1 -1.57 571.22 181.52 681.72 276.34 -1 -1 -1 -1000 -1000 -1000 -10 39.32 
Car -1 -1 2.20 189.65 203.07 264.84 236.02 -1 -1 -1 -1000 -1000 -1000 -10 35.70 
Car -1 -1 1.88 387.84 190.38 432.26 216.98 -1 -1 -1 -1000 -1000 -1000 -10 32.47 
Car -1 -1 -0.31 1088.00 190.54 1185.51 225.98 -1 -1 -1 -1000 -1000 -1000 -10 10.14 
Car -1 -1 1.88 333.25 195.50 371.75 218.50 -1 -1 -1 -1000 -1000 -1000 -10 10.08 
Car -1 -1 -2.20 1038.00 189.37 1135.46 233.13 -1 -1 -1 -1000 -1000 -1000 -10 7.86 
Car -1 -1 1.88 415.25 187.50 453.75 210.50 -1 -1 -1 -1000 -1000 -1000 -10 5.08 
Car -1 -1 -1.57 621.07 181.90 672.15 225.66 -1 -1 -1 -1000 -1000 -1000 -10 4.22 
Car -1 -1 1.26 360.24 190.38 404.67 216.98 -1 -1 -1 -1000 -1000 -1000 -10 2.79 
Car -1 -1 -1.57 205.04 213.50 231.97 236.50 -1 -1 -1 -1000 -1000 -1000 -10 1.87 
Car -1 -1 -1.57 576.22 182.51 630.90 229.36 -1 -1 -1 -1000 -1000 -1000 -10 1.70 
