Car -1 -1 1.88 366.28 192.10 456.13 246.30 -1 -1 -1 -1000 -1000 -1000 -10 67.18 
Car -1 -1 1.88 226.37 199.65 362.43 281.93 -1 -1 -1 -1000 -1000 -1000 -10 60.02 
Car -1 -1 -1.57 644.08 177.32 673.00 202.04 -1 -1 -1 -1000 -1000 -1000 -10 24.59 
Car -1 -1 1.88 474.17 184.20 525.31 214.88 -1 -1 -1 -1000 -1000 -1000 -10 23.43 
Car -1 -1 1.88 509.25 179.50 547.75 202.50 -1 -1 -1 -1000 -1000 -1000 -10 21.47 
Car -1 -1 -1.57 687.46 178.93 746.27 229.33 -1 -1 -1 -1000 -1000 -1000 -10 17.65 
Car -1 -1 -1.88 703.63 174.46 827.51 251.70 -1 -1 -1 -1000 -1000 -1000 -10 16.59 
Car -1 -1 -1.57 664.08 177.76 708.42 215.72 -1 -1 -1 -1000 -1000 -1000 -10 16.22 
Car -1 -1 1.88 424.32 187.50 492.22 228.36 -1 -1 -1 -1000 -1000 -1000 -10 12.35 
Car -1 -1 2.20 48.81 248.26 234.69 330.54 -1 -1 -1 -1000 -1000 -1000 -10 5.31 
Car -1 -1 -1.88 732.37 177.03 798.19 217.89 -1 -1 -1 -1000 -1000 -1000 -10 4.28 
Car -1 -1 -2.83 860.01 155.75 1054.90 227.29 -1 -1 -1 -1000 -1000 -1000 -10 3.77 
Car -1 -1 2.20 1014.70 133.64 1228.73 228.46 -1 -1 -1 -1000 -1000 -1000 -10 3.72 
Car -1 -1 1.26 571.84 167.37 616.26 193.97 -1 -1 -1 -1000 -1000 -1000 -10 1.50 
Car -1 -1 -0.94 1087.00 192.10 1207.43 246.30 -1 -1 -1 -1000 -1000 -1000 -10 0.92 
