Car -1 -1 -0.31 730.04 185.62 972.46 274.67 -1 -1 -1 -1000 -1000 -1000 -10 43.29 
Car -1 -1 -2.83 92.25 185.76 316.15 268.04 -1 -1 -1 -1000 -1000 -1000 -10 38.84 
Car -1 -1 -1.57 461.90 183.75 490.82 208.47 -1 -1 -1 -1000 -1000 -1000 -10 30.87 
Car -1 -1 -1.26 277.55 173.89 392.32 245.43 -1 -1 -1 -1000 -1000 -1000 -10 6.04 
Car -1 -1 -1.57 708.60 190.32 786.41 257.05 -1 -1 -1 -1000 -1000 -1000 -10 5.96 
Car -1 -1 -2.83 958.59 189.50 1022.40 212.50 -1 -1 -1 -1000 -1000 -1000 -10 4.41 
Car -1 -1 -0.31 200.79 178.88 479.56 281.37 -1 -1 -1 -1000 -1000 -1000 -10 3.04 
Car -1 -1 1.26 766.48 215.11 856.33 269.31 -1 -1 -1 -1000 -1000 -1000 -10 2.22 
Car -1 -1 -1.57 891.21 222.41 945.89 269.26 -1 -1 -1 -1000 -1000 -1000 -10 1.12 
Car -1 -1 1.88 170.59 189.48 221.73 220.16 -1 -1 -1 -1000 -1000 -1000 -10 0.73 
Car -1 -1 -1.57 357.04 203.50 383.97 226.50 -1 -1 -1 -1000 -1000 -1000 -10 0.56 
