Car -1 -1 -1.57 571.83 174.64 630.64 225.04 -1 -1 -1 -1000 -1000 -1000 -10 66.91 
Car -1 -1 -1.57 684.48 178.17 735.56 221.93 -1 -1 -1 -1000 -1000 -1000 -10 39.67 
Car -1 -1 -2.20 323.99 178.26 462.47 240.67 -1 -1 -1 -1000 -1000 -1000 -10 31.43 
Car -1 -1 -1.88 135.25 178.98 351.58 314.15 -1 -1 -1 -1000 -1000 -1000 -10 28.50 
Car -1 -1 -2.20 407.89 174.53 512.15 221.38 -1 -1 -1 -1000 -1000 -1000 -10 22.94 
Car -1 -1 -1.88 804.45 190.34 1020.78 325.51 -1 -1 -1 -1000 -1000 -1000 -10 20.24 
Car -1 -1 1.88 463.47 163.21 522.44 198.65 -1 -1 -1 -1000 -1000 -1000 -10 8.21 
Car -1 -1 -1.26 509.27 170.99 558.83 201.67 -1 -1 -1 -1000 -1000 -1000 -10 6.00 
Car -1 -1 -1.57 371.04 179.50 397.97 202.50 -1 -1 -1 -1000 -1000 -1000 -10 4.10 
Car -1 -1 -0.31 870.56 229.50 934.44 252.50 -1 -1 -1 -1000 -1000 -1000 -10 4.08 
Car -1 -1 -1.88 675.85 189.50 713.16 212.50 -1 -1 -1 -1000 -1000 -1000 -10 3.92 
