Car -1 -1 1.88 362.69 183.54 466.05 245.95 -1 -1 -1 -1000 -1000 -1000 -10 49.49 
Car -1 -1 1.57 450.56 167.93 545.96 245.17 -1 -1 -1 -1000 -1000 -1000 -10 46.18 
Car -1 -1 -1.57 596.93 173.04 625.85 197.76 -1 -1 -1 -1000 -1000 -1000 -10 39.76 
Car -1 -1 -0.31 810.51 146.61 938.87 193.46 -1 -1 -1 -1000 -1000 -1000 -10 35.96 
Car -1 -1 2.51 818.62 142.14 1228.06 286.49 -1 -1 -1 -1000 -1000 -1000 -10 23.80 
Car -1 -1 1.57 654.94 168.35 692.97 199.03 -1 -1 -1 -1000 -1000 -1000 -10 20.49 
Car -1 -1 2.20 924.91 161.79 1086.69 233.33 -1 -1 -1 -1000 -1000 -1000 -10 13.60 
Car -1 -1 -1.88 1178.40 142.05 1239.59 180.01 -1 -1 -1 -1000 -1000 -1000 -10 2.91 
Car -1 -1 -1.26 1033.00 155.75 1147.77 227.29 -1 -1 -1 -1000 -1000 -1000 -10 2.86 
Car -1 -1 1.26 425.13 178.52 502.88 225.37 -1 -1 -1 -1000 -1000 -1000 -10 2.24 
Car -1 -1 -0.31 835.40 226.46 939.73 264.42 -1 -1 -1 -1000 -1000 -1000 -10 1.38 
Car -1 -1 -1.57 645.04 171.50 671.97 194.50 -1 -1 -1 -1000 -1000 -1000 -10 0.94 
