Car -1 -1 1.26 694.46 181.33 790.97 239.58 -1 -1 -1 -1000 -1000 -1000 -10 51.07 
Car -1 -1 1.57 486.00 178.92 524.03 209.60 -1 -1 -1 -1000 -1000 -1000 -10 45.73 
Car -1 -1 2.20 -11.67 202.62 313.50 346.97 -1 -1 -1 -1000 -1000 -1000 -10 43.08 
Car -1 -1 1.88 271.39 194.02 399.15 271.26 -1 -1 -1 -1000 -1000 -1000 -10 42.85 
Car -1 -1 -1.88 775.26 177.80 1022.03 332.04 -1 -1 -1 -1000 -1000 -1000 -10 39.09 
Car -1 -1 1.88 405.20 186.50 482.95 233.35 -1 -1 -1 -1000 -1000 -1000 -10 37.23 
Car -1 -1 -1.57 660.66 180.42 699.17 213.37 -1 -1 -1 -1000 -1000 -1000 -10 20.42 
Car -1 -1 1.88 537.25 173.50 575.75 196.50 -1 -1 -1 -1000 -1000 -1000 -10 5.23 
Car -1 -1 -1.57 427.61 209.46 456.54 234.18 -1 -1 -1 -1000 -1000 -1000 -10 5.16 
Car -1 -1 1.88 180.11 233.15 307.87 310.39 -1 -1 -1 -1000 -1000 -1000 -10 2.63 
Car -1 -1 -1.57 678.63 184.01 726.34 224.87 -1 -1 -1 -1000 -1000 -1000 -10 1.31 
