Car -1 -1 -1.26 543.58 161.79 624.62 212.19 -1 -1 -1 -1000 -1000 -1000 -10 63.95 
Car -1 -1 1.57 602.91 157.78 643.74 190.73 -1 -1 -1 -1000 -1000 -1000 -10 54.32 
Car -1 -1 -1.26 179.12 206.45 254.50 253.30 -1 -1 -1 -1000 -1000 -1000 -10 15.68 
Car -1 -1 -0.31 895.02 148.37 1105.53 225.61 -1 -1 -1 -1000 -1000 -1000 -10 15.20 
Car -1 -1 -1.88 1053.70 149.60 1205.64 244.42 -1 -1 -1 -1000 -1000 -1000 -10 10.98 
Car -1 -1 -2.20 131.67 219.22 229.13 262.98 -1 -1 -1 -1000 -1000 -1000 -10 10.03 
Car -1 -1 1.88 82.10 206.00 178.61 264.25 -1 -1 -1 -1000 -1000 -1000 -10 7.47 
Car -1 -1 -2.20 145.98 207.97 214.66 238.65 -1 -1 -1 -1000 -1000 -1000 -10 6.13 
Car -1 -1 -1.57 553.08 163.07 588.94 193.75 -1 -1 -1 -1000 -1000 -1000 -10 2.65 
Car -1 -1 -1.88 947.25 150.69 1034.36 204.89 -1 -1 -1 -1000 -1000 -1000 -10 2.33 
Car -1 -1 -2.20 1095.50 151.27 1155.21 177.87 -1 -1 -1 -1000 -1000 -1000 -10 0.70 
Car -1 -1 -0.94 7.87 228.33 166.42 299.87 -1 -1 -1 -1000 -1000 -1000 -10 0.10 
