Car -1 -1 -1.88 708.96 175.16 896.79 292.47 -1 -1 -1 -1000 -1000 -1000 -10 57.89 
Car -1 -1 1.88 376.13 190.32 486.59 257.05 -1 -1 -1 -1000 -1000 -1000 -10 54.00 
Car -1 -1 -1.57 669.56 174.44 720.64 218.20 -1 -1 -1 -1000 -1000 -1000 -10 30.38 
Car -1 -1 1.88 422.85 176.40 519.36 234.65 -1 -1 -1 -1000 -1000 -1000 -10 28.53 
Car -1 -1 -1.26 421.87 208.76 479.03 244.20 -1 -1 -1 -1000 -1000 -1000 -10 14.50 
Car -1 -1 -1.88 670.40 173.89 785.17 245.43 -1 -1 -1 -1000 -1000 -1000 -10 12.77 
Car -1 -1 0.63 -26.53 189.49 241.14 284.31 -1 -1 -1 -1000 -1000 -1000 -10 10.51 
Car -1 -1 -1.57 647.49 174.27 678.61 200.87 -1 -1 -1 -1000 -1000 -1000 -10 9.60 
Car -1 -1 -1.57 492.36 173.64 528.22 204.32 -1 -1 -1 -1000 -1000 -1000 -10 8.93 
Car -1 -1 -1.57 679.04 177.50 705.97 200.50 -1 -1 -1 -1000 -1000 -1000 -10 5.93 
Car -1 -1 -1.88 376.32 217.86 433.48 253.30 -1 -1 -1 -1000 -1000 -1000 -10 5.65 
Car -1 -1 -1.57 627.04 173.50 653.97 196.50 -1 -1 -1 -1000 -1000 -1000 -10 4.23 
Car -1 -1 -1.57 715.04 197.50 741.97 220.50 -1 -1 -1 -1000 -1000 -1000 -10 3.97 
Car -1 -1 -1.26 477.12 178.17 547.56 221.93 -1 -1 -1 -1000 -1000 -1000 -10 3.89 
Car -1 -1 -1.26 423.85 229.50 461.16 252.50 -1 -1 -1 -1000 -1000 -1000 -10 2.76 
Car -1 -1 -1.57 491.09 192.68 522.21 219.28 -1 -1 -1 -1000 -1000 -1000 -10 1.80 
