Car -1 -1 -1.88 726.22 181.52 878.16 276.34 -1 -1 -1 -1000 -1000 -1000 -10 42.71 
Car -1 -1 -2.83 265.83 183.54 436.07 245.95 -1 -1 -1 -1000 -1000 -1000 -10 32.21 
Car -1 -1 -1.57 684.29 190.38 715.41 216.98 -1 -1 -1 -1000 -1000 -1000 -10 17.57 
Car -1 -1 1.88 558.58 168.75 599.91 193.47 -1 -1 -1 -1000 -1000 -1000 -10 13.90 
Car -1 -1 1.88 449.06 178.52 526.81 225.37 -1 -1 -1 -1000 -1000 -1000 -10 10.24 
Car -1 -1 0.31 56.89 189.79 371.39 298.41 -1 -1 -1 -1000 -1000 -1000 -10 9.55 
Car -1 -1 -2.83 360.03 182.51 488.26 229.36 -1 -1 -1 -1000 -1000 -1000 -10 8.04 
Car -1 -1 1.26 700.94 178.26 804.30 240.67 -1 -1 -1 -1000 -1000 -1000 -10 7.26 
Car -1 -1 1.88 495.58 177.76 558.71 215.72 -1 -1 -1 -1000 -1000 -1000 -10 7.25 
Car -1 -1 -1.88 749.82 236.20 811.01 274.16 -1 -1 -1 -1000 -1000 -1000 -10 0.22 
