Car -1 -1 -1.57 580.21 178.52 634.89 225.37 -1 -1 -1 -1000 -1000 -1000 -10 62.60 
Car -1 -1 -1.57 658.67 176.28 694.53 206.96 -1 -1 -1 -1000 -1000 -1000 -10 45.16 
Car -1 -1 -1.88 11.95 190.73 258.72 344.97 -1 -1 -1 -1000 -1000 -1000 -10 18.35 
Car -1 -1 -1.57 757.52 130.04 925.65 274.39 -1 -1 -1 -1000 -1000 -1000 -10 13.42 
Car -1 -1 -2.20 107.41 151.94 447.88 306.18 -1 -1 -1 -1000 -1000 -1000 -10 12.28 
Car -1 -1 -1.88 399.63 176.40 493.20 234.65 -1 -1 -1 -1000 -1000 -1000 -10 10.36 
Car -1 -1 -1.88 473.49 179.46 513.54 204.18 -1 -1 -1 -1000 -1000 -1000 -10 3.06 
Car -1 -1 -1.57 633.34 178.89 666.68 207.40 -1 -1 -1 -1000 -1000 -1000 -10 2.67 
Car -1 -1 -1.57 766.18 200.54 856.22 277.78 -1 -1 -1 -1000 -1000 -1000 -10 0.62 
Car -1 -1 1.88 154.78 155.62 301.97 244.67 -1 -1 -1 -1000 -1000 -1000 -10 0.48 
