Car -1 -1 1.88 430.68 182.90 520.53 237.10 -1 -1 -1 -1000 -1000 -1000 -10 53.57 
Car -1 -1 2.83 714.52 166.24 817.99 201.68 -1 -1 -1 -1000 -1000 -1000 -10 31.36 
Car -1 -1 -1.57 629.09 176.57 660.21 203.17 -1 -1 -1 -1000 -1000 -1000 -10 28.47 
Car -1 -1 1.88 304.33 191.20 400.84 249.45 -1 -1 -1 -1000 -1000 -1000 -10 18.69 
Car -1 -1 -1.57 501.04 195.50 527.97 218.50 -1 -1 -1 -1000 -1000 -1000 -10 9.94 
Car -1 -1 2.20 -29.23 204.77 235.27 322.08 -1 -1 -1 -1000 -1000 -1000 -10 6.52 
Car -1 -1 -2.51 815.11 157.50 877.90 180.50 -1 -1 -1 -1000 -1000 -1000 -10 3.80 
Car -1 -1 -1.26 349.05 196.11 395.15 224.62 -1 -1 -1 -1000 -1000 -1000 -10 2.89 
Car -1 -1 -1.26 477.07 181.01 538.26 218.97 -1 -1 -1 -1000 -1000 -1000 -10 2.82 
Car -1 -1 1.88 856.49 155.89 897.82 180.61 -1 -1 -1 -1000 -1000 -1000 -10 0.21 
