Car -1 -1 1.88 373.26 183.54 476.62 245.95 -1 -1 -1 -1000 -1000 -1000 -10 53.89 
Car -1 -1 1.57 470.94 172.98 548.07 235.39 -1 -1 -1 -1000 -1000 -1000 -10 48.85 
Car -1 -1 -0.31 799.20 152.05 919.20 195.81 -1 -1 -1 -1000 -1000 -1000 -10 43.03 
Car -1 -1 -1.57 595.04 177.50 621.97 200.50 -1 -1 -1 -1000 -1000 -1000 -10 39.22 
Car -1 -1 1.57 652.01 173.98 687.37 202.49 -1 -1 -1 -1000 -1000 -1000 -10 30.78 
Car -1 -1 2.51 798.66 155.81 1155.79 281.63 -1 -1 -1 -1000 -1000 -1000 -10 25.94 
Car -1 -1 2.20 892.56 169.10 1015.44 223.30 -1 -1 -1 -1000 -1000 -1000 -10 13.64 
Car -1 -1 -2.20 1124.40 145.64 1215.49 186.50 -1 -1 -1 -1000 -1000 -1000 -10 6.76 
Car -1 -1 -0.31 944.38 162.12 1126.47 228.85 -1 -1 -1 -1000 -1000 -1000 -10 4.17 
Car -1 -1 1.88 619.35 173.64 670.49 204.32 -1 -1 -1 -1000 -1000 -1000 -10 3.86 
Car -1 -1 -1.57 515.49 209.46 544.41 234.18 -1 -1 -1 -1000 -1000 -1000 -10 2.22 
Car -1 -1 1.26 434.79 184.01 502.69 224.87 -1 -1 -1 -1000 -1000 -1000 -10 1.85 
Car -1 -1 -1.88 813.60 223.94 870.76 259.38 -1 -1 -1 -1000 -1000 -1000 -10 0.70 
