Car -1 -1 -1.88 723.09 168.35 772.65 199.03 -1 -1 -1 -1000 -1000 -1000 -10 46.13 
Car -1 -1 -1.57 777.10 176.94 923.67 302.76 -1 -1 -1 -1000 -1000 -1000 -10 42.25 
Car -1 -1 1.57 662.21 159.50 690.78 182.50 -1 -1 -1 -1000 -1000 -1000 -10 40.45 
Car -1 -1 -1.26 449.62 174.76 502.81 207.71 -1 -1 -1 -1000 -1000 -1000 -10 39.49 
Car -1 -1 -1.57 539.39 165.07 570.51 191.67 -1 -1 -1 -1000 -1000 -1000 -10 30.16 
Car -1 -1 -1.57 624.49 160.47 655.61 187.07 -1 -1 -1 -1000 -1000 -1000 -10 24.12 
Car -1 -1 -1.26 376.42 163.25 446.86 207.01 -1 -1 -1 -1000 -1000 -1000 -10 17.80 
Car -1 -1 -0.94 845.96 166.53 975.29 224.78 -1 -1 -1 -1000 -1000 -1000 -10 13.65 
Car -1 -1 -1.57 595.90 161.53 640.24 199.49 -1 -1 -1 -1000 -1000 -1000 -10 8.31 
Car -1 -1 1.26 768.54 161.60 865.05 219.85 -1 -1 -1 -1000 -1000 -1000 -10 2.16 
Car -1 -1 1.88 528.99 149.13 596.89 189.99 -1 -1 -1 -1000 -1000 -1000 -10 2.15 
Car -1 -1 -1.57 781.99 201.60 859.80 268.33 -1 -1 -1 -1000 -1000 -1000 -10 0.52 
