Car -1 -1 -1.26 317.05 186.38 440.18 263.15 -1 -1 -1 -1000 -1000 -1000 -10 47.74 
Car -1 -1 -1.57 570.64 179.37 604.06 207.95 -1 -1 -1 -1000 -1000 -1000 -10 45.03 
Car -1 -1 -1.57 172.54 190.83 250.48 257.68 -1 -1 -1 -1000 -1000 -1000 -10 44.24 
Car -1 -1 -1.26 246.79 182.39 317.48 226.31 -1 -1 -1 -1000 -1000 -1000 -10 13.05 
Car -1 -1 1.88 181.25 195.50 219.75 218.50 -1 -1 -1 -1000 -1000 -1000 -10 9.42 
Car -1 -1 -1.57 173.91 205.67 212.38 238.59 -1 -1 -1 -1000 -1000 -1000 -10 8.92 
Car -1 -1 -1.57 441.99 178.73 514.90 241.25 -1 -1 -1 -1000 -1000 -1000 -10 7.85 
Car -1 -1 -1.26 219.17 226.22 265.38 254.80 -1 -1 -1 -1000 -1000 -1000 -10 5.59 
Car -1 -1 1.88 322.44 197.57 390.19 238.34 -1 -1 -1 -1000 -1000 -1000 -10 3.12 
Car -1 -1 1.26 217.39 196.59 301.21 247.13 -1 -1 -1 -1000 -1000 -1000 -10 2.68 
Car -1 -1 -1.26 354.79 181.49 416.17 219.57 -1 -1 -1 -1000 -1000 -1000 -10 1.54 
Car -1 -1 1.26 205.17 174.00 362.26 269.06 -1 -1 -1 -1000 -1000 -1000 -10 1.52 
Car -1 -1 1.26 68.57 196.34 127.42 231.71 -1 -1 -1 -1000 -1000 -1000 -10 0.96 
Car -1 -1 -1.57 207.10 194.60 242.93 225.25 -1 -1 -1 -1000 -1000 -1000 -10 0.36 
