Car -1 -1 -1.57 446.69 178.26 519.48 240.67 -1 -1 -1 -1000 -1000 -1000 -10 49.91 
Car -1 -1 -1.88 728.68 175.16 916.51 292.47 -1 -1 -1 -1000 -1000 -1000 -10 48.60 
Car -1 -1 -1.57 640.72 176.43 674.06 204.94 -1 -1 -1 -1000 -1000 -1000 -10 33.24 
Car -1 -1 -1.57 708.60 179.04 786.41 245.77 -1 -1 -1 -1000 -1000 -1000 -10 26.47 
Car -1 -1 -1.57 670.33 178.93 729.14 229.33 -1 -1 -1 -1000 -1000 -1000 -10 23.06 
Car -1 -1 1.57 474.82 145.21 557.27 211.94 -1 -1 -1 -1000 -1000 -1000 -10 21.86 
Car -1 -1 -1.57 612.99 167.37 644.11 193.97 -1 -1 -1 -1000 -1000 -1000 -10 15.16 
Car -1 -1 -1.57 682.66 194.46 711.58 219.18 -1 -1 -1 -1000 -1000 -1000 -10 10.31 
Car -1 -1 -1.57 716.74 218.53 752.60 249.21 -1 -1 -1 -1000 -1000 -1000 -10 8.18 
Car -1 -1 -1.57 510.84 186.84 546.70 217.52 -1 -1 -1 -1000 -1000 -1000 -10 7.54 
Car -1 -1 -1.57 681.04 209.50 707.97 232.50 -1 -1 -1 -1000 -1000 -1000 -10 4.29 
Car -1 -1 -1.57 727.99 199.58 759.11 226.18 -1 -1 -1 -1000 -1000 -1000 -10 3.17 
Car -1 -1 -1.26 804.58 186.27 898.15 244.52 -1 -1 -1 -1000 -1000 -1000 -10 2.17 
Car -1 -1 -1.57 844.09 212.88 921.90 279.61 -1 -1 -1 -1000 -1000 -1000 -10 0.27 
Car -1 -1 -1.88 741.90 144.10 873.82 226.38 -1 -1 -1 -1000 -1000 -1000 -10 0.16 
