Car -1 -1 1.88 193.45 204.77 387.16 322.08 -1 -1 -1 -1000 -1000 -1000 -10 51.50 
Car -1 -1 -1.88 747.74 178.98 964.07 314.15 -1 -1 -1 -1000 -1000 -1000 -10 42.90 
Car -1 -1 1.88 330.45 185.76 466.51 268.04 -1 -1 -1 -1000 -1000 -1000 -10 41.84 
Car -1 -1 -1.88 670.40 179.94 785.17 251.48 -1 -1 -1 -1000 -1000 -1000 -10 37.13 
Car -1 -1 1.88 404.97 183.54 508.33 245.95 -1 -1 -1 -1000 -1000 -1000 -10 25.88 
Car -1 -1 -1.57 627.04 181.50 653.97 204.50 -1 -1 -1 -1000 -1000 -1000 -10 16.37 
Car -1 -1 -1.57 653.02 188.73 686.36 217.24 -1 -1 -1 -1000 -1000 -1000 -10 11.71 
Car -1 -1 1.57 445.20 190.75 492.21 228.71 -1 -1 -1 -1000 -1000 -1000 -10 6.32 
Car -1 -1 -1.57 382.37 230.41 433.45 274.17 -1 -1 -1 -1000 -1000 -1000 -10 5.28 
Car -1 -1 -1.88 689.09 184.46 746.25 219.90 -1 -1 -1 -1000 -1000 -1000 -10 4.39 
Car -1 -1 1.26 509.25 183.50 547.75 206.50 -1 -1 -1 -1000 -1000 -1000 -10 4.04 
Car -1 -1 1.57 334.21 233.50 362.78 256.50 -1 -1 -1 -1000 -1000 -1000 -10 3.20 
Car -1 -1 -1.88 603.85 179.50 641.16 202.50 -1 -1 -1 -1000 -1000 -1000 -10 1.66 
Car -1 -1 -1.57 674.50 194.76 710.36 225.44 -1 -1 -1 -1000 -1000 -1000 -10 1.53 
