Car -1 -1 -2.20 445.90 161.68 509.82 190.19 -1 -1 -1 -1000 -1000 -1000 -10 34.48 
Car -1 -1 1.26 341.40 150.60 419.15 197.45 -1 -1 -1 -1000 -1000 -1000 -10 25.14 
Car -1 -1 -2.51 670.57 158.17 742.93 184.77 -1 -1 -1 -1000 -1000 -1000 -10 21.60 
Car -1 -1 -1.57 416.91 161.68 450.25 190.19 -1 -1 -1 -1000 -1000 -1000 -10 18.72 
Car -1 -1 -2.20 768.60 163.50 820.39 186.50 -1 -1 -1 -1000 -1000 -1000 -10 12.38 
Car -1 -1 1.57 1202.20 151.50 1230.77 174.50 -1 -1 -1 -1000 -1000 -1000 -10 6.65 
Car -1 -1 -0.31 364.69 146.09 512.92 200.29 -1 -1 -1 -1000 -1000 -1000 -10 5.94 
Car -1 -1 1.88 897.25 157.50 935.75 180.50 -1 -1 -1 -1000 -1000 -1000 -10 5.79 
Car -1 -1 1.88 813.34 155.87 857.76 182.47 -1 -1 -1 -1000 -1000 -1000 -10 4.60 
Car -1 -1 -1.57 661.04 159.50 687.97 182.50 -1 -1 -1 -1000 -1000 -1000 -10 4.20 
Car -1 -1 -2.20 846.60 157.50 898.39 180.50 -1 -1 -1 -1000 -1000 -1000 -10 3.48 
Car -1 -1 -1.26 485.12 162.77 528.17 189.37 -1 -1 -1 -1000 -1000 -1000 -10 2.32 
Car -1 -1 -1.57 603.04 131.50 629.97 154.50 -1 -1 -1 -1000 -1000 -1000 -10 1.99 
Car -1 -1 1.26 612.27 154.10 671.24 189.54 -1 -1 -1 -1000 -1000 -1000 -10 0.79 
Car -1 -1 1.88 958.25 151.84 1005.82 180.35 -1 -1 -1 -1000 -1000 -1000 -10 0.76 
Car -1 -1 -1.88 749.85 163.50 787.16 186.50 -1 -1 -1 -1000 -1000 -1000 -10 0.73 
Car -1 -1 -1.57 600.59 163.07 636.45 193.75 -1 -1 -1 -1000 -1000 -1000 -10 0.54 
Car -1 -1 1.88 1157.90 141.95 1209.04 172.63 -1 -1 -1 -1000 -1000 -1000 -10 0.27 
