Car -1 -1 -1.57 551.88 175.11 610.85 225.65 -1 -1 -1 -1000 -1000 -1000 -10 50.20 
Car -1 -1 -1.26 389.89 172.33 522.39 254.97 -1 -1 -1 -1000 -1000 -1000 -10 47.19 
Car -1 -1 -1.26 110.61 168.77 273.47 270.44 -1 -1 -1 -1000 -1000 -1000 -10 44.58 
Car -1 -1 -1.57 517.66 181.57 546.58 206.29 -1 -1 -1 -1000 -1000 -1000 -10 32.54 
Car -1 -1 -1.26 331.96 179.00 407.62 226.03 -1 -1 -1 -1000 -1000 -1000 -10 26.21 
Car -1 -1 -1.26 299.43 180.23 352.57 213.15 -1 -1 -1 -1000 -1000 -1000 -10 25.84 
Car -1 -1 -1.57 483.76 181.49 528.24 219.57 -1 -1 -1 -1000 -1000 -1000 -10 23.96 
Car -1 -1 -1.57 401.58 188.00 460.55 238.54 -1 -1 -1 -1000 -1000 -1000 -10 3.16 
Car -1 -1 -1.26 419.00 174.91 489.69 218.83 -1 -1 -1 -1000 -1000 -1000 -10 2.47 
Car -1 -1 -1.57 226.25 211.00 281.14 258.03 -1 -1 -1 -1000 -1000 -1000 -10 2.24 
Car -1 -1 -1.26 454.35 196.34 511.40 231.71 -1 -1 -1 -1000 -1000 -1000 -10 1.14 
Car -1 -1 -1.88 109.76 177.68 196.62 231.73 -1 -1 -1 -1000 -1000 -1000 -10 0.68 
