Car -1 -1 -1.57 595.79 187.50 659.02 241.70 -1 -1 -1 -1000 -1000 -1000 -10 48.42 
Car -1 -1 -1.88 784.22 196.12 948.40 298.61 -1 -1 -1 -1000 -1000 -1000 -10 44.02 
Car -1 -1 -1.88 718.75 179.94 833.52 251.48 -1 -1 -1 -1000 -1000 -1000 -10 38.15 
Car -1 -1 -2.20 358.41 179.94 516.96 251.48 -1 -1 -1 -1000 -1000 -1000 -10 22.01 
Car -1 -1 -2.83 43.85 172.98 214.09 235.39 -1 -1 -1 -1000 -1000 -1000 -10 15.69 
Car -1 -1 -1.88 200.03 187.50 401.45 313.32 -1 -1 -1 -1000 -1000 -1000 -10 15.00 
Car -1 -1 -2.20 479.02 177.03 570.11 217.89 -1 -1 -1 -1000 -1000 -1000 -10 13.91 
Car -1 -1 -1.57 707.80 182.51 762.48 229.36 -1 -1 -1 -1000 -1000 -1000 -10 8.20 
Car -1 -1 -1.88 809.11 200.36 890.15 250.76 -1 -1 -1 -1000 -1000 -1000 -10 8.04 
Car -1 -1 -1.57 379.59 178.30 442.82 232.50 -1 -1 -1 -1000 -1000 -1000 -10 7.37 
Car -1 -1 -1.88 417.45 185.63 487.89 229.39 -1 -1 -1 -1000 -1000 -1000 -10 6.49 
Car -1 -1 -1.57 678.63 173.55 726.34 214.41 -1 -1 -1 -1000 -1000 -1000 -10 5.81 
Car -1 -1 -1.57 18.02 262.30 72.70 309.15 -1 -1 -1 -1000 -1000 -1000 -10 5.16 
Car -1 -1 -1.57 530.05 183.81 563.39 212.32 -1 -1 -1 -1000 -1000 -1000 -10 4.95 
Car -1 -1 1.57 578.90 168.75 609.59 193.47 -1 -1 -1 -1000 -1000 -1000 -10 4.15 
Car -1 -1 -1.57 744.15 204.29 795.23 248.05 -1 -1 -1 -1000 -1000 -1000 -10 2.45 
Car -1 -1 1.57 610.06 173.64 648.09 204.32 -1 -1 -1 -1000 -1000 -1000 -10 2.37 
Car -1 -1 1.88 536.35 169.28 595.32 204.72 -1 -1 -1 -1000 -1000 -1000 -10 2.28 
Car -1 -1 -1.57 504.89 183.47 536.01 210.07 -1 -1 -1 -1000 -1000 -1000 -10 1.92 
Car -1 -1 -1.88 482.06 175.18 522.11 199.90 -1 -1 -1 -1000 -1000 -1000 -10 0.95 
Car -1 -1 -1.26 762.81 184.25 824.00 222.21 -1 -1 -1 -1000 -1000 -1000 -10 0.70 
Car -1 -1 -2.83 826.88 260.37 924.29 295.81 -1 -1 -1 -1000 -1000 -1000 -10 0.45 
Car -1 -1 -1.88 745.02 181.17 788.07 207.77 -1 -1 -1 -1000 -1000 -1000 -10 0.34 
