Car -1 -1 1.88 399.69 183.54 503.05 245.95 -1 -1 -1 -1000 -1000 -1000 -10 61.31 
Car -1 -1 -1.88 693.33 185.76 825.25 268.04 -1 -1 -1 -1000 -1000 -1000 -10 33.78 
Car -1 -1 -1.88 817.69 204.86 1082.53 370.42 -1 -1 -1 -1000 -1000 -1000 -10 18.00 
Car -1 -1 -1.57 669.09 179.04 746.90 245.77 -1 -1 -1 -1000 -1000 -1000 -10 17.05 
Car -1 -1 1.57 488.64 181.56 526.67 212.24 -1 -1 -1 -1000 -1000 -1000 -10 16.86 
Car -1 -1 -1.57 605.50 175.18 634.42 199.90 -1 -1 -1 -1000 -1000 -1000 -10 10.87 
Car -1 -1 -1.57 677.61 220.70 710.95 249.21 -1 -1 -1 -1000 -1000 -1000 -10 10.58 
Car -1 -1 -1.57 640.01 178.52 694.69 225.37 -1 -1 -1 -1000 -1000 -1000 -10 9.43 
Car -1 -1 -1.57 628.42 178.89 661.76 207.40 -1 -1 -1 -1000 -1000 -1000 -10 5.47 
Car -1 -1 -1.57 476.91 200.89 505.84 225.61 -1 -1 -1 -1000 -1000 -1000 -10 3.33 
Car -1 -1 -1.88 714.93 187.50 780.75 228.36 -1 -1 -1 -1000 -1000 -1000 -10 3.04 
