Car -1 -1 0.31 356.98 173.40 550.90 240.13 -1 -1 -1 -1000 -1000 -1000 -10 46.39 
Car -1 -1 2.51 953.16 174.44 1078.56 218.20 -1 -1 -1 -1000 -1000 -1000 -10 41.92 
Car -1 -1 -1.57 502.24 166.19 738.89 369.43 -1 -1 -1 -1000 -1000 -1000 -10 31.01 
Car -1 -1 0.94 47.26 200.36 161.61 250.76 -1 -1 -1 -1000 -1000 -1000 -10 27.36 
Car -1 -1 1.88 333.25 185.50 371.75 208.50 -1 -1 -1 -1000 -1000 -1000 -10 24.52 
Car -1 -1 -2.20 1089.70 161.79 1248.25 233.33 -1 -1 -1 -1000 -1000 -1000 -10 18.88 
Car -1 -1 -1.88 13.45 205.90 100.56 260.10 -1 -1 -1 -1000 -1000 -1000 -10 7.55 
Car -1 -1 -1.26 614.40 181.52 766.34 276.34 -1 -1 -1 -1000 -1000 -1000 -10 6.86 
Car -1 -1 -2.20 447.62 197.97 538.71 238.83 -1 -1 -1 -1000 -1000 -1000 -10 3.45 
Car -1 -1 -1.88 350.25 161.60 443.82 219.85 -1 -1 -1 -1000 -1000 -1000 -10 2.78 
Car -1 -1 -1.26 218.99 170.55 294.37 217.40 -1 -1 -1 -1000 -1000 -1000 -10 1.86 
