Car -1 -1 1.57 498.21 179.50 526.78 202.50 -1 -1 -1 -1000 -1000 -1000 -10 63.42 
Car -1 -1 -1.26 823.67 176.94 1025.09 302.76 -1 -1 -1 -1000 -1000 -1000 -10 47.02 
Car -1 -1 -1.57 587.50 174.44 638.58 218.20 -1 -1 -1 -1000 -1000 -1000 -10 36.47 
Car -1 -1 -0.94 660.05 171.93 733.73 204.88 -1 -1 -1 -1000 -1000 -1000 -10 16.49 
Car -1 -1 -0.94 729.25 165.56 939.02 260.38 -1 -1 -1 -1000 -1000 -1000 -10 11.00 
Car -1 -1 -1.88 906.41 171.54 1210.52 361.70 -1 -1 -1 -1000 -1000 -1000 -10 9.66 
Car -1 -1 -1.57 659.04 175.50 685.97 198.50 -1 -1 -1 -1000 -1000 -1000 -10 7.52 
Car -1 -1 -1.57 595.04 177.50 621.97 200.50 -1 -1 -1 -1000 -1000 -1000 -10 6.35 
Car -1 -1 -1.88 985.85 165.50 1023.16 188.50 -1 -1 -1 -1000 -1000 -1000 -10 4.09 
Car -1 -1 -1.57 1167.00 252.32 1195.92 277.04 -1 -1 -1 -1000 -1000 -1000 -10 3.86 
Car -1 -1 -1.57 704.09 196.61 733.01 221.33 -1 -1 -1 -1000 -1000 -1000 -10 3.44 
Car -1 -1 -1.88 625.42 168.35 674.98 199.03 -1 -1 -1 -1000 -1000 -1000 -10 1.78 
Car -1 -1 -1.88 700.62 167.84 815.39 239.38 -1 -1 -1 -1000 -1000 -1000 -10 1.73 
Car -1 -1 -1.88 980.54 162.57 1055.91 209.42 -1 -1 -1 -1000 -1000 -1000 -10 0.25 
