Car -1 -1 -1.57 633.27 177.03 680.98 217.89 -1 -1 -1 -1000 -1000 -1000 -10 42.69 
Car -1 -1 -2.83 -30.69 156.25 336.03 291.42 -1 -1 -1 -1000 -1000 -1000 -10 37.10 
Car -1 -1 -2.83 332.12 178.52 460.35 225.37 -1 -1 -1 -1000 -1000 -1000 -10 27.38 
Car -1 -1 -1.57 618.36 175.18 647.28 199.90 -1 -1 -1 -1000 -1000 -1000 -10 22.97 
Car -1 -1 -1.88 968.44 190.52 1199.43 334.87 -1 -1 -1 -1000 -1000 -1000 -10 15.50 
Car -1 -1 2.83 825.07 181.52 1098.79 276.34 -1 -1 -1 -1000 -1000 -1000 -10 10.31 
Car -1 -1 -1.88 742.93 173.89 857.70 245.43 -1 -1 -1 -1000 -1000 -1000 -10 10.07 
Car -1 -1 -2.83 279.90 170.62 522.07 259.67 -1 -1 -1 -1000 -1000 -1000 -10 4.94 
Car -1 -1 0.94 403.99 181.43 484.76 216.87 -1 -1 -1 -1000 -1000 -1000 -10 2.58 
Car -1 -1 -1.88 948.00 190.32 1055.10 257.05 -1 -1 -1 -1000 -1000 -1000 -10 2.53 
Car -1 -1 1.88 880.63 188.82 983.99 251.23 -1 -1 -1 -1000 -1000 -1000 -10 2.01 
Car -1 -1 -1.57 478.40 176.43 511.74 204.94 -1 -1 -1 -1000 -1000 -1000 -10 0.32 
