Car -1 -1 1.57 458.95 178.52 516.91 225.37 -1 -1 -1 -1000 -1000 -1000 -10 56.38 
Car -1 -1 2.20 91.03 177.76 177.47 215.72 -1 -1 -1 -1000 -1000 -1000 -10 48.42 
Car -1 -1 -1.57 572.23 174.53 626.91 221.38 -1 -1 -1 -1000 -1000 -1000 -10 47.31 
Car -1 -1 1.88 255.25 181.50 293.75 204.50 -1 -1 -1 -1000 -1000 -1000 -10 44.79 
Car -1 -1 1.57 529.61 177.32 560.30 202.04 -1 -1 -1 -1000 -1000 -1000 -10 44.51 
Car -1 -1 1.88 181.06 178.39 240.03 213.83 -1 -1 -1 -1000 -1000 -1000 -10 16.87 
Car -1 -1 -2.20 1169.00 215.78 1232.92 244.29 -1 -1 -1 -1000 -1000 -1000 -10 8.11 
Car -1 -1 -1.57 177.02 193.99 221.36 231.95 -1 -1 -1 -1000 -1000 -1000 -10 4.46 
Car -1 -1 -1.57 29.72 184.01 77.43 224.87 -1 -1 -1 -1000 -1000 -1000 -10 2.62 
Car -1 -1 -2.20 216.60 183.50 268.39 206.50 -1 -1 -1 -1000 -1000 -1000 -10 1.76 
Car -1 -1 -1.88 565.62 199.58 608.67 226.18 -1 -1 -1 -1000 -1000 -1000 -10 0.95 
