Car -1 -1 -1.57 638.03 183.25 676.54 216.20 -1 -1 -1 -1000 -1000 -1000 -10 54.17 
Car -1 -1 -0.31 742.14 181.33 901.31 239.58 -1 -1 -1 -1000 -1000 -1000 -10 51.58 
Car -1 -1 0.94 24.68 178.43 349.85 322.78 -1 -1 -1 -1000 -1000 -1000 -10 27.76 
Car -1 -1 -1.88 940.56 178.98 1156.89 314.15 -1 -1 -1 -1000 -1000 -1000 -10 13.55 
Car -1 -1 0.31 381.08 180.52 500.57 221.38 -1 -1 -1 -1000 -1000 -1000 -10 12.90 
Car -1 -1 1.57 550.21 175.50 578.78 198.50 -1 -1 -1 -1000 -1000 -1000 -10 12.59 
Car -1 -1 -1.57 362.12 183.54 434.90 245.95 -1 -1 -1 -1000 -1000 -1000 -10 7.42 
Car -1 -1 -1.26 277.01 171.88 408.93 254.16 -1 -1 -1 -1000 -1000 -1000 -10 6.32 
Car -1 -1 1.88 513.76 170.99 564.90 201.67 -1 -1 -1 -1000 -1000 -1000 -10 5.42 
Car -1 -1 1.26 1034.40 239.12 1093.37 274.56 -1 -1 -1 -1000 -1000 -1000 -10 4.79 
Car -1 -1 -1.57 1000.90 187.50 1090.94 264.74 -1 -1 -1 -1000 -1000 -1000 -10 3.14 
Car -1 -1 -0.31 252.56 289.50 316.44 312.50 -1 -1 -1 -1000 -1000 -1000 -10 1.53 
Car -1 -1 1.88 1051.30 197.47 1208.00 292.29 -1 -1 -1 -1000 -1000 -1000 -10 0.51 
