Car -1 -1 -0.31 735.54 187.50 1014.31 289.99 -1 -1 -1 -1000 -1000 -1000 -10 43.73 
Car -1 -1 -2.83 54.76 185.62 296.93 274.67 -1 -1 -1 -1000 -1000 -1000 -10 39.99 
Car -1 -1 -1.88 452.06 183.75 492.11 208.47 -1 -1 -1 -1000 -1000 -1000 -10 36.52 
Car -1 -1 -2.20 988.60 191.50 1040.39 214.50 -1 -1 -1 -1000 -1000 -1000 -10 17.70 
Car -1 -1 -1.88 699.60 195.96 806.70 262.69 -1 -1 -1 -1000 -1000 -1000 -10 10.04 
Car -1 -1 -1.26 249.26 171.88 381.18 254.16 -1 -1 -1 -1000 -1000 -1000 -10 7.51 
Car -1 -1 -2.83 231.69 169.28 329.10 204.72 -1 -1 -1 -1000 -1000 -1000 -10 5.12 
Car -1 -1 1.88 429.25 181.50 467.75 204.50 -1 -1 -1 -1000 -1000 -1000 -10 4.07 
Car -1 -1 1.26 782.60 218.52 893.06 285.25 -1 -1 -1 -1000 -1000 -1000 -10 1.33 
Car -1 -1 -1.26 29.76 258.57 144.53 330.11 -1 -1 -1 -1000 -1000 -1000 -10 1.30 
Car -1 -1 -1.57 348.31 203.04 377.24 227.76 -1 -1 -1 -1000 -1000 -1000 -10 0.79 
Car -1 -1 -1.57 1059.20 197.28 1090.32 223.88 -1 -1 -1 -1000 -1000 -1000 -10 0.11 
