Car -1 -1 1.88 372.08 192.71 508.14 274.99 -1 -1 -1 -1000 -1000 -1000 -10 44.09 
Car -1 -1 2.20 32.09 208.63 315.69 334.45 -1 -1 -1 -1000 -1000 -1000 -10 43.78 
Car -1 -1 1.57 538.21 181.50 566.78 204.50 -1 -1 -1 -1000 -1000 -1000 -10 42.12 
Car -1 -1 1.88 427.86 167.93 555.62 245.17 -1 -1 -1 -1000 -1000 -1000 -10 30.67 
Car -1 -1 1.88 229.83 193.12 377.02 282.17 -1 -1 -1 -1000 -1000 -1000 -10 17.09 
Car -1 -1 -0.08 608.81 176.57 680.49 203.17 -1 -1 -1 -1000 -1000 -1000 -10 10.22 
Car -1 -1 -1.57 472.55 190.49 527.23 237.34 -1 -1 -1 -1000 -1000 -1000 -10 6.80 
Car -1 -1 -1.57 204.16 211.92 251.87 252.78 -1 -1 -1 -1000 -1000 -1000 -10 3.89 
Car -1 -1 1.88 545.25 173.50 583.75 196.50 -1 -1 -1 -1000 -1000 -1000 -10 1.94 
Car -1 -1 -1.57 515.49 198.75 544.41 223.47 -1 -1 -1 -1000 -1000 -1000 -10 0.16 
