Car -1 -1 1.88 448.09 166.07 531.68 216.47 -1 -1 -1 -1000 -1000 -1000 -10 57.10 
Car -1 -1 -1.88 720.76 171.49 894.72 280.11 -1 -1 -1 -1000 -1000 -1000 -10 41.66 
Car -1 -1 1.88 163.34 177.80 417.83 332.04 -1 -1 -1 -1000 -1000 -1000 -10 34.59 
Car -1 -1 -1.88 665.52 167.69 765.73 230.10 -1 -1 -1 -1000 -1000 -1000 -10 28.20 
Car -1 -1 -1.88 794.94 187.50 1099.05 377.66 -1 -1 -1 -1000 -1000 -1000 -10 24.23 
Car -1 -1 1.57 501.65 165.07 534.66 191.67 -1 -1 -1 -1000 -1000 -1000 -10 16.03 
Car -1 -1 -1.57 694.61 200.24 733.12 233.19 -1 -1 -1 -1000 -1000 -1000 -10 11.84 
Car -1 -1 -1.57 605.04 161.50 631.97 184.50 -1 -1 -1 -1000 -1000 -1000 -10 8.10 
Car -1 -1 -1.57 651.98 166.56 706.66 213.41 -1 -1 -1 -1000 -1000 -1000 -10 7.76 
Car -1 -1 -1.88 617.12 164.14 663.22 192.65 -1 -1 -1 -1000 -1000 -1000 -10 2.89 
Car -1 -1 -1.26 782.96 181.90 853.40 225.66 -1 -1 -1 -1000 -1000 -1000 -10 1.64 
