Car -1 -1 -1.88 606.85 182.90 693.96 237.10 -1 -1 -1 -1000 -1000 -1000 -10 46.77 
Car -1 -1 -0.94 741.87 169.28 821.02 204.72 -1 -1 -1 -1000 -1000 -1000 -10 41.97 
Car -1 -1 -0.94 678.10 172.32 757.25 207.76 -1 -1 -1 -1000 -1000 -1000 -10 38.91 
Car -1 -1 -0.94 807.99 171.97 867.70 198.57 -1 -1 -1 -1000 -1000 -1000 -10 23.30 
Car -1 -1 2.51 541.94 174.76 636.82 207.71 -1 -1 -1 -1000 -1000 -1000 -10 18.10 
Car -1 -1 -0.31 767.30 176.25 1251.98 354.91 -1 -1 -1 -1000 -1000 -1000 -10 12.87 
Car -1 -1 1.88 840.20 166.60 887.77 195.11 -1 -1 -1 -1000 -1000 -1000 -10 9.17 
Car -1 -1 1.88 547.25 185.50 585.75 208.50 -1 -1 -1 -1000 -1000 -1000 -10 4.99 
Car -1 -1 -0.31 791.45 245.89 859.98 270.61 -1 -1 -1 -1000 -1000 -1000 -10 2.27 
Car -1 -1 1.88 833.41 195.96 943.87 262.69 -1 -1 -1 -1000 -1000 -1000 -10 0.66 
