Car -1 -1 -1.88 809.09 150.60 884.47 197.45 -1 -1 -1 -1000 -1000 -1000 -10 26.28 
Car -1 -1 -1.26 451.01 166.98 521.45 210.74 -1 -1 -1 -1000 -1000 -1000 -10 20.83 
Car -1 -1 -1.26 307.11 163.12 449.83 252.17 -1 -1 -1 -1000 -1000 -1000 -10 13.77 
Car -1 -1 -1.88 881.47 163.07 931.03 193.75 -1 -1 -1 -1000 -1000 -1000 -10 13.71 
Car -1 -1 -1.57 388.79 173.70 452.02 227.90 -1 -1 -1 -1000 -1000 -1000 -10 9.43 
Car -1 -1 -1.57 500.53 169.06 533.87 197.57 -1 -1 -1 -1000 -1000 -1000 -10 8.77 
Car -1 -1 -1.57 420.99 169.10 484.22 223.30 -1 -1 -1 -1000 -1000 -1000 -10 7.38 
Car -1 -1 1.26 935.25 157.50 973.75 180.50 -1 -1 -1 -1000 -1000 -1000 -10 5.34 
Car -1 -1 1.88 535.25 167.50 573.75 190.50 -1 -1 -1 -1000 -1000 -1000 -10 4.76 
Car -1 -1 -1.26 471.85 169.50 509.16 192.50 -1 -1 -1 -1000 -1000 -1000 -10 3.11 
Car -1 -1 -2.83 259.97 188.04 328.42 212.76 -1 -1 -1 -1000 -1000 -1000 -10 1.93 
Car -1 -1 -1.57 456.27 188.73 489.61 217.24 -1 -1 -1 -1000 -1000 -1000 -10 0.17 
