Car -1 -1 -1.26 297.57 184.28 439.29 272.70 -1 -1 -1 -1000 -1000 -1000 -10 50.68 
Car -1 -1 -1.57 572.50 174.57 610.97 207.49 -1 -1 -1 -1000 -1000 -1000 -10 49.79 
Car -1 -1 -1.26 433.97 186.13 504.66 230.05 -1 -1 -1 -1000 -1000 -1000 -10 41.35 
Car -1 -1 -0.94 11.92 171.95 252.74 280.88 -1 -1 -1 -1000 -1000 -1000 -10 17.92 
Car -1 -1 -1.26 163.65 173.44 264.03 235.96 -1 -1 -1 -1000 -1000 -1000 -10 13.74 
Car -1 -1 -1.57 434.90 171.72 479.38 209.80 -1 -1 -1 -1000 -1000 -1000 -10 8.98 
Car -1 -1 -1.57 267.19 194.36 305.66 227.28 -1 -1 -1 -1000 -1000 -1000 -10 6.76 
Car -1 -1 -1.26 39.14 179.52 146.42 246.37 -1 -1 -1 -1000 -1000 -1000 -10 6.30 
Car -1 -1 -2.20 253.72 186.85 373.81 240.90 -1 -1 -1 -1000 -1000 -1000 -10 3.23 
Car -1 -1 -1.26 421.85 177.50 459.16 200.50 -1 -1 -1 -1000 -1000 -1000 -10 2.72 
Car -1 -1 1.88 467.25 167.50 505.75 190.50 -1 -1 -1 -1000 -1000 -1000 -10 2.47 
Car -1 -1 -1.57 366.37 175.00 421.26 222.03 -1 -1 -1 -1000 -1000 -1000 -10 2.26 
Car -1 -1 -1.57 490.47 159.00 545.36 206.03 -1 -1 -1 -1000 -1000 -1000 -10 1.92 
Car -1 -1 -1.57 395.54 214.53 436.86 249.90 -1 -1 -1 -1000 -1000 -1000 -10 1.51 
Car -1 -1 -1.88 94.86 210.51 195.24 273.03 -1 -1 -1 -1000 -1000 -1000 -10 0.89 
Car -1 -1 -1.57 379.04 213.50 405.97 236.50 -1 -1 -1 -1000 -1000 -1000 -10 0.10 
