Car -1 -1 1.88 443.63 177.76 506.76 215.72 -1 -1 -1 -1000 -1000 -1000 -10 47.76 
Car -1 -1 1.88 277.90 194.02 405.66 271.26 -1 -1 -1 -1000 -1000 -1000 -10 42.86 
Car -1 -1 1.26 757.10 187.50 964.82 313.32 -1 -1 -1 -1000 -1000 -1000 -10 34.50 
Car -1 -1 -1.88 663.50 174.64 744.54 225.04 -1 -1 -1 -1000 -1000 -1000 -10 33.74 
Car -1 -1 -1.88 706.66 179.94 821.43 251.48 -1 -1 -1 -1000 -1000 -1000 -10 19.12 
Car -1 -1 -1.57 685.04 177.50 711.97 200.50 -1 -1 -1 -1000 -1000 -1000 -10 8.26 
Car -1 -1 1.57 479.85 181.35 515.21 209.86 -1 -1 -1 -1000 -1000 -1000 -10 7.84 
Car -1 -1 -2.20 260.60 245.50 312.39 268.50 -1 -1 -1 -1000 -1000 -1000 -10 2.44 
Car -1 -1 -1.26 310.23 229.36 376.05 270.22 -1 -1 -1 -1000 -1000 -1000 -10 1.51 
Car -1 -1 1.88 408.72 149.70 527.10 221.24 -1 -1 -1 -1000 -1000 -1000 -10 1.09 
