Car -1 -1 1.88 436.85 181.35 484.42 209.86 -1 -1 -1 -1000 -1000 -1000 -10 48.58 
Car -1 -1 -1.57 677.04 171.50 703.97 194.50 -1 -1 -1 -1000 -1000 -1000 -10 37.11 
Car -1 -1 -1.57 515.29 171.52 548.63 200.03 -1 -1 -1 -1000 -1000 -1000 -10 23.63 
Car -1 -1 -1.26 32.73 166.19 357.72 369.43 -1 -1 -1 -1000 -1000 -1000 -10 15.51 
Car -1 -1 1.88 1041.30 157.50 1079.80 180.50 -1 -1 -1 -1000 -1000 -1000 -10 13.77 
Car -1 -1 1.88 1169.40 153.75 1210.73 178.47 -1 -1 -1 -1000 -1000 -1000 -10 13.11 
Car -1 -1 1.88 1137.30 155.89 1178.62 180.61 -1 -1 -1 -1000 -1000 -1000 -10 10.74 
Car -1 -1 -1.57 733.04 167.50 759.97 190.50 -1 -1 -1 -1000 -1000 -1000 -10 8.96 
Car -1 -1 1.88 1109.40 153.75 1150.73 178.47 -1 -1 -1 -1000 -1000 -1000 -10 8.12 
Car -1 -1 -1.57 329.04 177.50 355.97 200.50 -1 -1 -1 -1000 -1000 -1000 -10 2.35 
Car -1 -1 -1.57 788.07 157.14 829.47 192.58 -1 -1 -1 -1000 -1000 -1000 -10 0.17 
