Car -1 -1 1.88 457.36 185.63 530.02 229.39 -1 -1 -1 -1000 -1000 -1000 -10 52.82 
Car -1 -1 1.57 562.21 179.50 590.78 202.50 -1 -1 -1 -1000 -1000 -1000 -10 43.85 
Car -1 -1 -1.88 813.10 198.06 1014.52 323.88 -1 -1 -1 -1000 -1000 -1000 -10 36.17 
Car -1 -1 -1.88 684.88 181.01 746.07 218.97 -1 -1 -1 -1000 -1000 -1000 -10 26.24 
Car -1 -1 -1.88 741.90 178.82 873.82 261.10 -1 -1 -1 -1000 -1000 -1000 -10 23.10 
Car -1 -1 1.88 496.88 184.46 555.85 219.90 -1 -1 -1 -1000 -1000 -1000 -10 19.73 
Car -1 -1 -1.57 729.19 182.90 792.42 237.10 -1 -1 -1 -1000 -1000 -1000 -10 14.60 
Car -1 -1 -1.57 948.15 176.43 981.49 204.94 -1 -1 -1 -1000 -1000 -1000 -10 4.29 
Car -1 -1 -1.88 764.31 181.90 834.75 225.66 -1 -1 -1 -1000 -1000 -1000 -10 2.24 
Car -1 -1 -1.57 688.89 176.57 720.01 203.17 -1 -1 -1 -1000 -1000 -1000 -10 0.44 
