Car -1 -1 -1.57 376.08 185.17 454.02 252.01 -1 -1 -1 -1000 -1000 -1000 -10 57.40 
Car -1 -1 -1.57 576.37 178.76 612.20 209.41 -1 -1 -1 -1000 -1000 -1000 -10 54.09 
Car -1 -1 -1.57 496.69 181.84 530.11 210.42 -1 -1 -1 -1000 -1000 -1000 -10 35.12 
Car -1 -1 -1.57 331.38 178.65 382.64 222.57 -1 -1 -1 -1000 -1000 -1000 -10 26.41 
Car -1 -1 -1.57 447.43 182.39 498.69 226.31 -1 -1 -1 -1000 -1000 -1000 -10 20.27 
Car -1 -1 -1.26 471.85 197.50 509.16 220.50 -1 -1 -1 -1000 -1000 -1000 -10 5.78 
Car -1 -1 1.57 496.21 169.50 524.78 192.50 -1 -1 -1 -1000 -1000 -1000 -10 2.95 
Car -1 -1 -1.26 26.82 205.41 292.81 371.69 -1 -1 -1 -1000 -1000 -1000 -10 2.17 
Car -1 -1 -1.26 163.38 162.23 278.59 234.04 -1 -1 -1 -1000 -1000 -1000 -10 1.96 
Car -1 -1 -1.26 189.71 168.21 239.23 198.86 -1 -1 -1 -1000 -1000 -1000 -10 1.71 
Car -1 -1 -1.57 520.98 170.85 556.81 201.50 -1 -1 -1 -1000 -1000 -1000 -10 1.48 
Car -1 -1 -0.31 88.00 160.23 364.55 261.90 -1 -1 -1 -1000 -1000 -1000 -10 0.98 
Car -1 -1 -1.88 145.94 166.24 211.61 207.01 -1 -1 -1 -1000 -1000 -1000 -10 0.98 
Car -1 -1 -1.57 88.83 295.06 136.44 335.83 -1 -1 -1 -1000 -1000 -1000 -10 0.86 
