Car -1 -1 1.57 478.08 184.20 516.11 214.88 -1 -1 -1 -1000 -1000 -1000 -10 52.53 
Car -1 -1 1.88 342.97 190.75 406.10 228.71 -1 -1 -1 -1000 -1000 -1000 -10 49.40 
Car -1 -1 -1.57 593.38 185.76 689.28 268.04 -1 -1 -1 -1000 -1000 -1000 -10 45.35 
Car -1 -1 1.88 381.94 181.01 445.07 218.97 -1 -1 -1 -1000 -1000 -1000 -10 41.92 
Car -1 -1 -0.94 725.66 172.98 864.14 235.39 -1 -1 -1 -1000 -1000 -1000 -10 38.95 
Car -1 -1 1.88 213.09 187.50 276.22 225.46 -1 -1 -1 -1000 -1000 -1000 -10 32.64 
Car -1 -1 1.88 543.25 181.50 581.75 204.50 -1 -1 -1 -1000 -1000 -1000 -10 20.92 
Car -1 -1 1.88 6.17 204.77 199.88 322.08 -1 -1 -1 -1000 -1000 -1000 -10 19.77 
Car -1 -1 -1.57 693.04 181.50 719.97 204.50 -1 -1 -1 -1000 -1000 -1000 -10 17.00 
Car -1 -1 -1.57 670.49 178.87 701.61 205.47 -1 -1 -1 -1000 -1000 -1000 -10 13.81 
Car -1 -1 -0.94 690.24 181.43 769.39 216.87 -1 -1 -1 -1000 -1000 -1000 -10 13.31 
Car -1 -1 -1.57 383.04 199.50 409.97 222.50 -1 -1 -1 -1000 -1000 -1000 -10 12.89 
Car -1 -1 1.26 453.56 183.75 494.88 208.47 -1 -1 -1 -1000 -1000 -1000 -10 7.06 
Car -1 -1 -1.57 604.99 159.89 668.22 214.09 -1 -1 -1 -1000 -1000 -1000 -10 4.64 
Car -1 -1 -1.26 743.75 178.39 800.91 213.83 -1 -1 -1 -1000 -1000 -1000 -10 4.37 
Car -1 -1 -1.57 184.00 178.12 287.77 267.17 -1 -1 -1 -1000 -1000 -1000 -10 3.86 
Car -1 -1 -1.57 585.04 177.50 611.97 200.50 -1 -1 -1 -1000 -1000 -1000 -10 2.16 
