Car -1 -1 1.88 525.65 174.46 653.41 251.70 -1 -1 -1 -1000 -1000 -1000 -10 48.93 
Car -1 -1 1.88 668.04 166.60 715.61 195.11 -1 -1 -1 -1000 -1000 -1000 -10 29.50 
Car -1 -1 -1.57 793.29 165.71 829.15 196.39 -1 -1 -1 -1000 -1000 -1000 -10 19.91 
Car -1 -1 1.26 910.69 204.86 1183.80 370.42 -1 -1 -1 -1000 -1000 -1000 -10 12.97 
Car -1 -1 1.88 627.45 172.32 686.42 207.76 -1 -1 -1 -1000 -1000 -1000 -10 8.44 
Car -1 -1 -1.88 787.82 185.03 975.65 302.34 -1 -1 -1 -1000 -1000 -1000 -10 7.69 
Car -1 -1 -1.88 974.85 141.49 1061.96 195.69 -1 -1 -1 -1000 -1000 -1000 -10 5.71 
Car -1 -1 -1.26 1076.00 141.49 1163.11 195.69 -1 -1 -1 -1000 -1000 -1000 -10 4.99 
Car -1 -1 -2.83 49.49 327.18 146.90 362.62 -1 -1 -1 -1000 -1000 -1000 -10 4.67 
Car -1 -1 -1.57 815.87 179.04 893.68 245.77 -1 -1 -1 -1000 -1000 -1000 -10 3.44 
Car -1 -1 -0.31 133.77 192.71 357.90 274.99 -1 -1 -1 -1000 -1000 -1000 -10 2.84 
Car -1 -1 1.88 9.96 187.50 323.57 377.66 -1 -1 -1 -1000 -1000 -1000 -10 1.85 
Car -1 -1 1.88 918.42 160.61 973.30 193.56 -1 -1 -1 -1000 -1000 -1000 -10 1.10 
Car -1 -1 -1.57 1134.90 138.80 1179.24 176.76 -1 -1 -1 -1000 -1000 -1000 -10 0.59 
