Car -1 -1 1.88 226.37 199.65 362.43 281.93 -1 -1 -1 -1000 -1000 -1000 -10 51.24 
Car -1 -1 1.26 670.79 183.21 754.38 233.61 -1 -1 -1 -1000 -1000 -1000 -10 36.77 
Car -1 -1 1.88 498.57 181.61 539.89 206.33 -1 -1 -1 -1000 -1000 -1000 -10 36.65 
Car -1 -1 -1.88 719.86 178.12 862.58 267.17 -1 -1 -1 -1000 -1000 -1000 -10 34.85 
Car -1 -1 -1.88 803.81 177.08 1068.65 342.64 -1 -1 -1 -1000 -1000 -1000 -10 28.83 
Car -1 -1 1.88 431.30 187.50 499.20 228.36 -1 -1 -1 -1000 -1000 -1000 -10 26.63 
Car -1 -1 1.88 348.77 191.20 445.28 249.45 -1 -1 -1 -1000 -1000 -1000 -10 24.86 
Car -1 -1 -1.57 653.39 178.92 689.25 209.60 -1 -1 -1 -1000 -1000 -1000 -10 24.21 
Car -1 -1 1.26 66.29 178.52 144.04 225.37 -1 -1 -1 -1000 -1000 -1000 -10 10.43 
Car -1 -1 1.88 557.25 175.50 595.75 198.50 -1 -1 -1 -1000 -1000 -1000 -10 9.06 
Car -1 -1 1.26 34.50 187.50 97.63 225.46 -1 -1 -1 -1000 -1000 -1000 -10 3.79 
Car -1 -1 -1.57 667.77 191.19 701.11 219.70 -1 -1 -1 -1000 -1000 -1000 -10 2.30 
Car -1 -1 0.94 900.74 185.99 1062.52 257.53 -1 -1 -1 -1000 -1000 -1000 -10 1.64 
Car -1 -1 1.26 686.84 199.58 731.26 226.18 -1 -1 -1 -1000 -1000 -1000 -10 1.47 
