Car -1 -1 1.88 396.36 189.49 553.06 284.31 -1 -1 -1 -1000 -1000 -1000 -10 58.69 
Car -1 -1 1.88 623.77 181.35 671.34 209.86 -1 -1 -1 -1000 -1000 -1000 -10 46.60 
Car -1 -1 1.88 687.25 179.50 725.75 202.50 -1 -1 -1 -1000 -1000 -1000 -10 37.45 
Car -1 -1 1.57 547.89 173.70 614.91 227.90 -1 -1 -1 -1000 -1000 -1000 -10 35.82 
Car -1 -1 1.88 650.04 178.87 694.46 205.47 -1 -1 -1 -1000 -1000 -1000 -10 26.59 
Car -1 -1 1.57 486.45 164.93 588.06 247.21 -1 -1 -1 -1000 -1000 -1000 -10 25.98 
Car -1 -1 -1.57 577.64 205.18 606.56 229.90 -1 -1 -1 -1000 -1000 -1000 -10 13.99 
Car -1 -1 -1.57 534.60 218.53 570.46 249.21 -1 -1 -1 -1000 -1000 -1000 -10 12.32 
Car -1 -1 -1.26 460.94 251.18 514.13 284.13 -1 -1 -1 -1000 -1000 -1000 -10 5.15 
Car -1 -1 -2.20 395.69 251.27 474.84 286.71 -1 -1 -1 -1000 -1000 -1000 -10 2.08 
