Car -1 -1 -1.57 638.03 180.42 676.54 213.37 -1 -1 -1 -1000 -1000 -1000 -10 56.06 
Car -1 -1 -2.83 42.34 165.30 360.84 282.61 -1 -1 -1 -1000 -1000 -1000 -10 28.43 
Car -1 -1 -1.57 618.36 175.18 647.28 199.90 -1 -1 -1 -1000 -1000 -1000 -10 23.06 
Car -1 -1 -2.83 351.70 181.90 471.58 225.66 -1 -1 -1 -1000 -1000 -1000 -10 18.22 
Car -1 -1 -1.88 949.07 189.79 1123.03 298.41 -1 -1 -1 -1000 -1000 -1000 -10 12.82 
Car -1 -1 2.83 797.72 185.62 1054.88 274.67 -1 -1 -1 -1000 -1000 -1000 -10 10.19 
Car -1 -1 -1.88 497.85 175.50 535.16 198.50 -1 -1 -1 -1000 -1000 -1000 -10 8.44 
Car -1 -1 -0.31 741.14 173.40 923.23 240.13 -1 -1 -1 -1000 -1000 -1000 -10 7.96 
Car -1 -1 -2.83 300.41 171.88 524.31 254.16 -1 -1 -1 -1000 -1000 -1000 -10 4.73 
Car -1 -1 1.26 424.00 181.43 482.97 216.87 -1 -1 -1 -1000 -1000 -1000 -10 1.88 
Car -1 -1 1.88 778.12 174.44 850.78 218.20 -1 -1 -1 -1000 -1000 -1000 -10 0.85 
Car -1 -1 -1.88 892.78 188.82 992.99 251.23 -1 -1 -1 -1000 -1000 -1000 -10 0.44 
