Car -1 -1 -1.57 657.50 175.35 698.90 210.79 -1 -1 -1 -1000 -1000 -1000 -10 52.39 
Car -1 -1 -1.57 392.16 178.82 488.06 261.10 -1 -1 -1 -1000 -1000 -1000 -10 37.18 
Car -1 -1 -1.88 739.03 171.49 912.99 280.11 -1 -1 -1 -1000 -1000 -1000 -10 34.88 
Car -1 -1 -1.88 684.07 174.46 807.95 251.70 -1 -1 -1 -1000 -1000 -1000 -10 33.73 
Car -1 -1 1.57 443.57 133.12 553.52 222.17 -1 -1 -1 -1000 -1000 -1000 -10 23.98 
Car -1 -1 -1.88 874.56 187.50 1178.67 377.66 -1 -1 -1 -1000 -1000 -1000 -10 17.27 
Car -1 -1 -1.57 619.89 165.07 651.01 191.67 -1 -1 -1 -1000 -1000 -1000 -10 12.94 
Car -1 -1 -1.57 722.53 197.24 766.87 235.20 -1 -1 -1 -1000 -1000 -1000 -10 9.62 
Car -1 -1 -1.88 765.07 176.40 858.64 234.65 -1 -1 -1 -1000 -1000 -1000 -10 6.90 
Car -1 -1 -1.57 719.38 218.53 755.24 249.21 -1 -1 -1 -1000 -1000 -1000 -10 6.14 
Car -1 -1 -2.20 896.31 204.13 1054.86 275.67 -1 -1 -1 -1000 -1000 -1000 -10 3.04 
Car -1 -1 -1.26 432.36 181.90 502.80 225.66 -1 -1 -1 -1000 -1000 -1000 -10 2.21 
Car -1 -1 -1.26 828.78 223.94 885.94 259.38 -1 -1 -1 -1000 -1000 -1000 -10 0.26 
