Car -1 -1 -1.57 635.80 171.52 669.14 200.03 -1 -1 -1 -1000 -1000 -1000 -10 49.41 
Car -1 -1 -1.88 817.69 204.86 1082.53 370.42 -1 -1 -1 -1000 -1000 -1000 -10 25.91 
Car -1 -1 -0.31 864.92 170.26 1143.69 272.75 -1 -1 -1 -1000 -1000 -1000 -10 15.82 
Car -1 -1 -2.83 422.38 171.93 513.07 204.88 -1 -1 -1 -1000 -1000 -1000 -10 13.91 
Car -1 -1 -1.26 135.25 167.61 351.58 302.78 -1 -1 -1 -1000 -1000 -1000 -10 10.95 
Car -1 -1 -1.57 530.49 168.75 559.41 193.47 -1 -1 -1 -1000 -1000 -1000 -10 10.70 
Car -1 -1 -1.88 777.05 178.30 864.16 232.50 -1 -1 -1 -1000 -1000 -1000 -10 8.52 
Car -1 -1 -1.57 625.04 169.50 651.97 192.50 -1 -1 -1 -1000 -1000 -1000 -10 8.34 
Car -1 -1 -0.31 264.76 170.62 507.18 259.67 -1 -1 -1 -1000 -1000 -1000 -10 7.26 
Car -1 -1 -1.57 793.69 204.77 930.36 322.08 -1 -1 -1 -1000 -1000 -1000 -10 6.91 
Car -1 -1 -1.57 759.04 203.50 785.97 226.50 -1 -1 -1 -1000 -1000 -1000 -10 6.71 
Car -1 -1 1.88 709.28 171.46 805.79 229.71 -1 -1 -1 -1000 -1000 -1000 -10 5.61 
Car -1 -1 1.88 229.67 234.64 313.26 285.04 -1 -1 -1 -1000 -1000 -1000 -10 4.14 
Car -1 -1 1.88 813.65 179.94 932.03 251.48 -1 -1 -1 -1000 -1000 -1000 -10 3.82 
Car -1 -1 -1.88 852.91 199.65 984.83 281.93 -1 -1 -1 -1000 -1000 -1000 -10 2.21 
Car -1 -1 1.26 121.68 193.10 194.35 236.86 -1 -1 -1 -1000 -1000 -1000 -10 1.58 
Car -1 -1 1.88 321.47 178.52 399.22 225.37 -1 -1 -1 -1000 -1000 -1000 -10 0.74 
