Car -1 -1 1.88 252.29 198.93 431.70 307.55 -1 -1 -1 -1000 -1000 -1000 -10 44.38 
Car -1 -1 2.83 825.93 162.12 1019.11 228.85 -1 -1 -1 -1000 -1000 -1000 -10 43.21 
Car -1 -1 1.88 473.74 183.81 521.31 212.32 -1 -1 -1 -1000 -1000 -1000 -10 40.05 
Car -1 -1 -1.57 661.19 184.01 708.90 224.87 -1 -1 -1 -1000 -1000 -1000 -10 36.55 
Car -1 -1 -1.26 421.87 184.01 487.69 224.87 -1 -1 -1 -1000 -1000 -1000 -10 24.31 
Car -1 -1 2.83 754.61 166.57 873.64 207.43 -1 -1 -1 -1000 -1000 -1000 -10 16.41 
Car -1 -1 -1.57 987.00 181.61 1015.92 206.33 -1 -1 -1 -1000 -1000 -1000 -10 9.79 
Car -1 -1 1.88 499.25 181.50 537.75 204.50 -1 -1 -1 -1000 -1000 -1000 -10 8.50 
Car -1 -1 -1.57 253.39 248.26 349.29 330.54 -1 -1 -1 -1000 -1000 -1000 -10 6.42 
Car -1 -1 -0.31 988.63 158.04 1057.15 182.76 -1 -1 -1 -1000 -1000 -1000 -10 5.69 
Car -1 -1 -1.57 1130.60 155.89 1159.52 180.61 -1 -1 -1 -1000 -1000 -1000 -10 5.39 
Car -1 -1 1.88 406.34 200.24 461.22 233.19 -1 -1 -1 -1000 -1000 -1000 -10 3.75 
Car -1 -1 -0.31 985.94 154.59 1114.30 201.44 -1 -1 -1 -1000 -1000 -1000 -10 2.89 
Car -1 -1 -0.94 824.40 190.99 915.49 231.85 -1 -1 -1 -1000 -1000 -1000 -10 1.23 
Car -1 -1 -2.20 873.25 184.01 964.34 224.87 -1 -1 -1 -1000 -1000 -1000 -10 1.04 
Car -1 -1 -1.26 314.72 275.16 375.91 313.12 -1 -1 -1 -1000 -1000 -1000 -10 0.92 
Car -1 -1 -1.88 252.74 256.61 292.79 281.33 -1 -1 -1 -1000 -1000 -1000 -10 0.36 
