Car -1 -1 1.88 449.06 186.50 526.81 233.35 -1 -1 -1 -1000 -1000 -1000 -10 48.77 
Car -1 -1 1.57 560.21 179.50 588.78 202.50 -1 -1 -1 -1000 -1000 -1000 -10 44.07 
Car -1 -1 -1.88 838.48 201.70 1054.81 336.87 -1 -1 -1 -1000 -1000 -1000 -10 36.71 
Car -1 -1 -1.88 687.02 180.52 752.84 221.38 -1 -1 -1 -1000 -1000 -1000 -10 30.95 
Car -1 -1 1.88 493.84 184.46 552.81 219.90 -1 -1 -1 -1000 -1000 -1000 -10 17.16 
Car -1 -1 -1.88 748.83 185.76 880.75 268.04 -1 -1 -1 -1000 -1000 -1000 -10 16.91 
Car -1 -1 -1.88 715.69 181.33 809.26 239.58 -1 -1 -1 -1000 -1000 -1000 -10 11.67 
Car -1 -1 -1.57 688.89 178.87 720.01 205.47 -1 -1 -1 -1000 -1000 -1000 -10 5.13 
Car -1 -1 -1.88 770.75 184.01 836.57 224.87 -1 -1 -1 -1000 -1000 -1000 -10 3.84 
Car -1 -1 -1.57 709.59 197.28 740.71 223.88 -1 -1 -1 -1000 -1000 -1000 -10 2.86 
Car -1 -1 -1.88 771.08 230.01 828.24 265.45 -1 -1 -1 -1000 -1000 -1000 -10 0.03 
