Car -1 -1 -1.57 451.95 181.33 519.89 239.58 -1 -1 -1 -1000 -1000 -1000 -10 47.66 
Car -1 -1 -1.88 718.23 181.52 870.17 276.34 -1 -1 -1 -1000 -1000 -1000 -10 42.48 
Car -1 -1 -1.57 634.91 178.92 670.77 209.60 -1 -1 -1 -1000 -1000 -1000 -10 34.39 
Car -1 -1 -1.57 695.09 178.26 767.88 240.67 -1 -1 -1 -1000 -1000 -1000 -10 25.69 
Car -1 -1 1.57 476.22 151.85 553.35 214.26 -1 -1 -1 -1000 -1000 -1000 -10 23.16 
Car -1 -1 -1.57 666.05 183.21 724.86 233.61 -1 -1 -1 -1000 -1000 -1000 -10 18.55 
Car -1 -1 -1.57 605.04 171.50 631.97 194.50 -1 -1 -1 -1000 -1000 -1000 -10 12.33 
Car -1 -1 -1.57 672.79 206.48 703.91 233.08 -1 -1 -1 -1000 -1000 -1000 -10 8.70 
Car -1 -1 1.88 897.25 1.50 935.75 24.50 -1 -1 -1 -1000 -1000 -1000 -10 5.89 
Car -1 -1 -1.57 511.79 190.38 542.91 216.98 -1 -1 -1 -1000 -1000 -1000 -10 3.70 
Car -1 -1 -1.57 702.69 217.98 733.81 244.58 -1 -1 -1 -1000 -1000 -1000 -10 3.64 
Car -1 -1 -1.88 732.03 221.79 813.07 272.19 -1 -1 -1 -1000 -1000 -1000 -10 2.55 
Car -1 -1 -1.26 774.85 187.50 855.89 237.90 -1 -1 -1 -1000 -1000 -1000 -10 0.58 
Car -1 -1 -1.57 47.00 97.45 114.94 155.70 -1 -1 -1 -1000 -1000 -1000 -10 0.47 
Car -1 -1 -2.20 196.60 109.50 248.39 132.50 -1 -1 -1 -1000 -1000 -1000 -10 0.14 
