Car -1 -1 1.88 330.98 178.26 434.34 240.67 -1 -1 -1 -1000 -1000 -1000 -10 67.11 
Car -1 -1 1.88 492.64 178.92 543.78 209.60 -1 -1 -1 -1000 -1000 -1000 -10 47.96 
Car -1 -1 -1.57 590.22 176.40 658.16 234.65 -1 -1 -1 -1000 -1000 -1000 -10 41.47 
Car -1 -1 1.88 154.88 179.94 273.26 251.48 -1 -1 -1 -1000 -1000 -1000 -10 37.31 
Car -1 -1 -0.94 695.99 178.30 816.42 232.50 -1 -1 -1 -1000 -1000 -1000 -10 26.35 
Car -1 -1 1.57 857.67 202.46 915.63 249.31 -1 -1 -1 -1000 -1000 -1000 -10 16.24 
Car -1 -1 -1.26 774.14 173.54 926.08 268.36 -1 -1 -1 -1000 -1000 -1000 -10 15.89 
Car -1 -1 -1.26 715.50 178.89 761.60 207.40 -1 -1 -1 -1000 -1000 -1000 -10 8.94 
Car -1 -1 2.20 -12.81 200.54 161.77 277.78 -1 -1 -1 -1000 -1000 -1000 -10 7.08 
Car -1 -1 -1.57 335.61 208.76 377.01 244.20 -1 -1 -1 -1000 -1000 -1000 -10 6.51 
Car -1 -1 -1.57 777.88 201.07 845.82 259.32 -1 -1 -1 -1000 -1000 -1000 -10 0.02 
