Car -1 -1 -1.57 490.46 187.50 549.27 237.90 -1 -1 -1 -1000 -1000 -1000 -10 56.58 
Car -1 -1 -1.88 706.59 196.12 870.77 298.61 -1 -1 -1 -1000 -1000 -1000 -10 49.70 
Car -1 -1 1.57 533.95 186.27 569.31 214.78 -1 -1 -1 -1000 -1000 -1000 -10 40.39 
Car -1 -1 -1.57 633.36 181.61 662.28 206.33 -1 -1 -1 -1000 -1000 -1000 -10 36.98 
Car -1 -1 -1.26 318.94 189.79 492.90 298.41 -1 -1 -1 -1000 -1000 -1000 -10 30.50 
Car -1 -1 -2.83 16.78 216.59 435.01 370.83 -1 -1 -1 -1000 -1000 -1000 -10 19.01 
Car -1 -1 -1.88 681.37 194.10 781.58 256.51 -1 -1 -1 -1000 -1000 -1000 -10 16.74 
Car -1 -1 1.26 613.25 177.50 651.75 200.50 -1 -1 -1 -1000 -1000 -1000 -10 9.75 
Car -1 -1 -1.26 239.00 213.43 390.94 308.25 -1 -1 -1 -1000 -1000 -1000 -10 7.75 
Car -1 -1 -1.57 655.59 182.90 718.82 237.10 -1 -1 -1 -1000 -1000 -1000 -10 6.55 
Car -1 -1 -1.57 843.04 229.50 869.97 252.50 -1 -1 -1 -1000 -1000 -1000 -10 5.43 
