Car -1 -1 1.88 468.55 185.63 541.22 229.39 -1 -1 -1 -1000 -1000 -1000 -10 47.14 
Car -1 -1 -1.88 797.68 194.90 985.51 312.21 -1 -1 -1 -1000 -1000 -1000 -10 35.95 
Car -1 -1 1.57 564.21 179.50 592.78 202.50 -1 -1 -1 -1000 -1000 -1000 -10 32.27 
Car -1 -1 -1.88 683.02 181.43 740.18 216.87 -1 -1 -1 -1000 -1000 -1000 -10 22.04 
Car -1 -1 -1.57 724.59 182.90 787.82 237.10 -1 -1 -1 -1000 -1000 -1000 -10 14.26 
Car -1 -1 -1.88 736.88 185.99 851.65 257.53 -1 -1 -1 -1000 -1000 -1000 -10 13.09 
Car -1 -1 -2.20 915.81 179.46 971.38 204.18 -1 -1 -1 -1000 -1000 -1000 -10 12.64 
Car -1 -1 1.88 505.84 184.20 556.98 214.88 -1 -1 -1 -1000 -1000 -1000 -10 12.10 
Car -1 -1 -2.83 768.59 201.50 832.40 224.50 -1 -1 -1 -1000 -1000 -1000 -10 6.35 
Car -1 -1 -0.31 930.07 233.05 1027.58 268.49 -1 -1 -1 -1000 -1000 -1000 -10 3.51 
Car -1 -1 -1.57 769.54 223.81 805.40 254.49 -1 -1 -1 -1000 -1000 -1000 -10 0.99 
