Car -1 -1 1.88 393.24 190.49 470.99 237.34 -1 -1 -1 -1000 -1000 -1000 -10 52.41 
Car -1 -1 1.57 475.60 180.42 516.43 213.37 -1 -1 -1 -1000 -1000 -1000 -10 34.25 
Car -1 -1 -0.94 104.89 203.73 189.60 241.69 -1 -1 -1 -1000 -1000 -1000 -10 28.35 
Car -1 -1 -1.57 661.19 177.03 708.90 217.89 -1 -1 -1 -1000 -1000 -1000 -10 23.20 
Car -1 -1 1.88 436.14 190.54 495.11 225.98 -1 -1 -1 -1000 -1000 -1000 -10 20.15 
Car -1 -1 0.94 1025.80 138.66 1118.75 179.52 -1 -1 -1 -1000 -1000 -1000 -10 17.75 
Car -1 -1 1.88 56.64 208.78 101.06 235.38 -1 -1 -1 -1000 -1000 -1000 -10 13.45 
Car -1 -1 -0.94 0.98 210.23 85.69 248.19 -1 -1 -1 -1000 -1000 -1000 -10 12.62 
Car -1 -1 1.26 86.54 208.78 130.96 235.38 -1 -1 -1 -1000 -1000 -1000 -10 6.57 
Car -1 -1 -1.88 999.85 138.80 1061.04 176.76 -1 -1 -1 -1000 -1000 -1000 -10 4.05 
Car -1 -1 -1.57 1138.40 142.62 1193.08 189.47 -1 -1 -1 -1000 -1000 -1000 -10 2.41 
Car -1 -1 -2.83 831.85 22.63 1250.08 176.87 -1 -1 -1 -1000 -1000 -1000 -10 1.99 
Car -1 -1 -1.26 1078.50 151.27 1121.55 177.87 -1 -1 -1 -1000 -1000 -1000 -10 0.14 
