Car -1 -1 -1.88 599.79 170.62 742.51 259.67 -1 -1 -1 -1000 -1000 -1000 -10 47.95 
Car -1 -1 1.88 199.81 178.12 347.00 267.17 -1 -1 -1 -1000 -1000 -1000 -10 46.82 
Car -1 -1 1.88 45.59 204.77 239.31 322.08 -1 -1 -1 -1000 -1000 -1000 -10 30.63 
Car -1 -1 -1.88 702.17 176.25 987.92 354.91 -1 -1 -1 -1000 -1000 -1000 -10 30.17 
Car -1 -1 1.88 292.68 192.10 382.53 246.30 -1 -1 -1 -1000 -1000 -1000 -10 21.64 
Car -1 -1 -1.57 479.60 169.10 518.11 202.05 -1 -1 -1 -1000 -1000 -1000 -10 17.08 
Car -1 -1 -1.88 572.47 181.33 666.04 239.58 -1 -1 -1 -1000 -1000 -1000 -10 9.27 
Car -1 -1 -1.26 333.85 221.50 371.16 244.50 -1 -1 -1 -1000 -1000 -1000 -10 8.03 
Car -1 -1 -1.88 758.17 245.35 910.11 340.17 -1 -1 -1 -1000 -1000 -1000 -10 7.18 
Car -1 -1 -1.88 547.99 178.17 618.43 221.93 -1 -1 -1 -1000 -1000 -1000 -10 5.18 
Car -1 -1 -1.57 524.10 174.44 575.18 218.20 -1 -1 -1 -1000 -1000 -1000 -10 3.21 
Car -1 -1 -1.57 455.41 173.64 491.27 204.32 -1 -1 -1 -1000 -1000 -1000 -10 1.87 
Car -1 -1 -1.57 303.31 181.61 332.24 206.33 -1 -1 -1 -1000 -1000 -1000 -10 1.75 
