Car -1 -1 -1.88 736.40 190.34 952.73 325.51 -1 -1 -1 -1000 -1000 -1000 -10 52.22 
Car -1 -1 1.88 249.92 178.43 488.13 322.78 -1 -1 -1 -1000 -1000 -1000 -10 42.49 
Car -1 -1 -1.57 649.04 177.50 675.97 200.50 -1 -1 -1 -1000 -1000 -1000 -10 38.83 
Car -1 -1 1.26 684.32 185.76 820.38 268.04 -1 -1 -1 -1000 -1000 -1000 -10 26.10 
Car -1 -1 1.57 666.73 180.52 717.31 221.38 -1 -1 -1 -1000 -1000 -1000 -10 25.73 
Car -1 -1 1.57 490.85 178.52 548.81 225.37 -1 -1 -1 -1000 -1000 -1000 -10 19.07 
Car -1 -1 1.57 528.23 178.92 566.26 209.60 -1 -1 -1 -1000 -1000 -1000 -10 16.94 
Car -1 -1 1.88 401.78 180.98 529.54 258.22 -1 -1 -1 -1000 -1000 -1000 -10 10.92 
Car -1 -1 0.94 1162.60 330.36 1249.04 368.32 -1 -1 -1 -1000 -1000 -1000 -10 9.71 
Car -1 -1 -2.20 936.69 190.52 1255.40 334.87 -1 -1 -1 -1000 -1000 -1000 -10 7.70 
Car -1 -1 -1.57 719.38 239.66 755.24 270.34 -1 -1 -1 -1000 -1000 -1000 -10 0.98 
Car -1 -1 1.57 285.55 252.66 320.91 281.17 -1 -1 -1 -1000 -1000 -1000 -10 0.94 
Car -1 -1 1.88 343.10 161.41 470.86 238.65 -1 -1 -1 -1000 -1000 -1000 -10 0.46 
