Car -1 -1 1.57 635.05 174.27 668.06 200.87 -1 -1 -1 -1000 -1000 -1000 -10 73.29 
Car -1 -1 1.57 465.65 172.98 542.78 235.39 -1 -1 -1 -1000 -1000 -1000 -10 51.78 
Car -1 -1 -1.88 710.57 177.80 957.34 332.04 -1 -1 -1 -1000 -1000 -1000 -10 32.16 
Car -1 -1 -2.83 138.85 174.46 349.14 251.70 -1 -1 -1 -1000 -1000 -1000 -10 30.73 
Car -1 -1 -1.57 704.40 185.76 800.30 268.04 -1 -1 -1 -1000 -1000 -1000 -10 27.02 
Car -1 -1 -1.57 521.21 181.01 565.55 218.97 -1 -1 -1 -1000 -1000 -1000 -10 18.85 
Car -1 -1 -1.57 704.60 226.07 763.41 276.47 -1 -1 -1 -1000 -1000 -1000 -10 11.49 
Car -1 -1 -1.26 569.85 169.50 607.16 192.50 -1 -1 -1 -1000 -1000 -1000 -10 9.95 
Car -1 -1 -0.31 180.56 189.50 244.44 212.50 -1 -1 -1 -1000 -1000 -1000 -10 6.01 
Car -1 -1 -0.31 239.74 174.44 359.74 218.20 -1 -1 -1 -1000 -1000 -1000 -10 3.54 
Car -1 -1 -1.26 305.80 191.20 399.37 249.45 -1 -1 -1 -1000 -1000 -1000 -10 2.46 
