Car -1 -1 -1.88 679.45 178.82 811.37 261.10 -1 -1 -1 -1000 -1000 -1000 -10 52.02 
Car -1 -1 -1.57 643.18 171.52 676.52 200.03 -1 -1 -1 -1000 -1000 -1000 -10 37.75 
Car -1 -1 -1.88 662.60 180.52 728.42 221.38 -1 -1 -1 -1000 -1000 -1000 -10 20.23 
Car -1 -1 -0.31 297.83 179.94 492.92 251.48 -1 -1 -1 -1000 -1000 -1000 -10 15.14 
Car -1 -1 -0.31 111.17 175.16 430.01 292.47 -1 -1 -1 -1000 -1000 -1000 -10 13.41 
Car -1 -1 -1.57 1060.10 320.36 1118.91 370.76 -1 -1 -1 -1000 -1000 -1000 -10 10.11 
Car -1 -1 -1.57 684.48 204.29 735.56 248.05 -1 -1 -1 -1000 -1000 -1000 -10 9.63 
Car -1 -1 -1.88 992.67 214.72 1223.66 359.07 -1 -1 -1 -1000 -1000 -1000 -10 6.57 
Car -1 -1 -1.57 509.06 181.61 537.99 206.33 -1 -1 -1 -1000 -1000 -1000 -10 4.78 
Car -1 -1 -1.26 401.26 167.69 501.47 230.10 -1 -1 -1 -1000 -1000 -1000 -10 4.05 
Car -1 -1 1.26 490.61 170.06 558.51 210.92 -1 -1 -1 -1000 -1000 -1000 -10 2.67 
Car -1 -1 1.88 15.25 227.50 53.75 250.50 -1 -1 -1 -1000 -1000 -1000 -10 2.06 
Car -1 -1 -1.57 713.16 208.93 771.97 259.33 -1 -1 -1 -1000 -1000 -1000 -10 2.02 
Car -1 -1 -1.57 958.06 222.28 1041.46 293.82 -1 -1 -1 -1000 -1000 -1000 -10 0.69 
Car -1 -1 -2.83 287.11 187.50 399.17 228.36 -1 -1 -1 -1000 -1000 -1000 -10 0.18 
