Car -1 -1 1.885000 482 178 619 261 -1 -1 -1 -1000 -1000 -1000 -10 28.773577
Car -1 -1 -0.314200 456 181 521 205 -1 -1 -1 -1000 -1000 -1000 -10 25.460007
Car -1 -1 -1.256600 718 166 764 195 -1 -1 -1 -1000 -1000 -1000 -10 25.191065
Car -1 -1 -2.513300 333 184 434 222 -1 -1 -1 -1000 -1000 -1000 -10 23.653385
Car -1 -1 1.885000 1170 153 1211 178 -1 -1 -1 -1000 -1000 -1000 -10 15.582895
Car -1 -1 -1.256600 656 170 696 195 -1 -1 -1 -1000 -1000 -1000 -10 11.287826
Car -1 -1 0.942500 5 194 146 257 -1 -1 -1 -1000 -1000 -1000 -10 5.426948
Car -1 -1 -3.141600 1029 157 1092 181 -1 -1 -1 -1000 -1000 -1000 -10 5.137095
Car -1 -1 -1.256600 1138 155 1178 180 -1 -1 -1 -1000 -1000 -1000 -10 5.097860
Car -1 -1 1.885000 1106 157 1145 181 -1 -1 -1 -1000 -1000 -1000 -10 5.065117
Car -1 -1 -1.570800 327 177 355 201 -1 -1 -1 -1000 -1000 -1000 -10 4.011728
