Car -1 -1 -1.256600 664 173 702 197 -1 -1 -1 -1000 -1000 -1000 -10 26.596977
Car -1 -1 0.314200 419 182 577 237 -1 -1 -1 -1000 -1000 -1000 -10 25.501968
Car -1 -1 2.199100 36 194 177 257 -1 -1 -1 -1000 -1000 -1000 -10 20.464420
Car -1 -1 -1.570800 333 161 402 220 -1 -1 -1 -1000 -1000 -1000 -10 17.195274
Car -1 -1 1.885000 1170 153 1211 178 -1 -1 -1 -1000 -1000 -1000 -10 11.983467
Car -1 -1 -0.942500 112 191 224 242 -1 -1 -1 -1000 -1000 -1000 -10 6.585737
Car -1 -1 -3.141600 1029 157 1092 181 -1 -1 -1 -1000 -1000 -1000 -10 5.987730
Car -1 -1 -1.256600 1136 153 1179 180 -1 -1 -1 -1000 -1000 -1000 -10 4.785624
Car -1 -1 -1.570800 726 158 757 185 -1 -1 -1 -1000 -1000 -1000 -10 3.320026
Car -1 -1 1.885000 1106 157 1145 181 -1 -1 -1 -1000 -1000 -1000 -10 2.861257
Car -1 -1 -0.628300 267 157 487 240 -1 -1 -1 -1000 -1000 -1000 -10 0.107298
