Car -1 -1 -0.628300 508 171 596 204 -1 -1 -1 -1000 -1000 -1000 -10 32.066723
Car -1 -1 -1.570800 601 173 679 240 -1 -1 -1 -1000 -1000 -1000 -10 30.530588
Car -1 -1 0.314200 744 178 1040 281 -1 -1 -1 -1000 -1000 -1000 -10 26.911943
Car -1 -1 -1.885000 424 180 477 213 -1 -1 -1 -1000 -1000 -1000 -10 19.858744
Car -1 -1 2.199100 187 185 389 275 -1 -1 -1 -1000 -1000 -1000 -10 17.448513
Car -1 -1 1.885000 530 183 569 207 -1 -1 -1 -1000 -1000 -1000 -10 9.646135
Car -1 -1 2.827400 184 222 310 266 -1 -1 -1 -1000 -1000 -1000 -10 8.675772
Car -1 -1 -2.199100 125 188 189 217 -1 -1 -1 -1000 -1000 -1000 -10 3.386061
Car -1 -1 1.885000 450 178 494 205 -1 -1 -1 -1000 -1000 -1000 -10 2.251034
Car -1 -1 2.827400 26 186 195 245 -1 -1 -1 -1000 -1000 -1000 -10 1.413252
