Car -1 -1 -1.570800 601 177 630 202 -1 -1 -1 -1000 -1000 -1000 -10 37.706234
Car -1 -1 -1.570800 710 178 807 261 -1 -1 -1 -1000 -1000 -1000 -10 27.245413
Car -1 -1 1.256600 651 173 718 214 -1 -1 -1 -1000 -1000 -1000 -10 15.383726
Car -1 -1 -1.570800 451 188 480 213 -1 -1 -1 -1000 -1000 -1000 -10 13.378015
Car -1 -1 -2.513300 572 173 654 204 -1 -1 -1 -1000 -1000 -1000 -10 12.340019
Car -1 -1 0.314200 74 194 255 257 -1 -1 -1 -1000 -1000 -1000 -10 12.260876
Car -1 -1 -2.199100 472 181 527 206 -1 -1 -1 -1000 -1000 -1000 -10 11.679601
Car -1 -1 -2.513300 617 178 891 281 -1 -1 -1 -1000 -1000 -1000 -10 7.440058
Car -1 -1 -1.570800 665 185 694 210 -1 -1 -1 -1000 -1000 -1000 -10 3.388781
Car -1 -1 -0.314200 169 211 288 255 -1 -1 -1 -1000 -1000 -1000 -10 0.669840
