Car -1 -1 -1.256600 570 183 671 246 -1 -1 -1 -1000 -1000 -1000 -10 29.842560
Car -1 -1 -0.314200 246 176 330 207 -1 -1 -1 -1000 -1000 -1000 -10 19.402449
Car -1 -1 -2.513300 309 180 516 258 -1 -1 -1 -1000 -1000 -1000 -10 16.479458
Car -1 -1 1.885000 145 167 249 230 -1 -1 -1 -1000 -1000 -1000 -10 14.902085
Car -1 -1 -0.628300 662 183 797 234 -1 -1 -1 -1000 -1000 -1000 -10 12.690957
Car -1 -1 -2.513300 652 156 1013 292 -1 -1 -1 -1000 -1000 -1000 -10 5.360482
Car -1 -1 1.885000 671 174 734 212 -1 -1 -1 -1000 -1000 -1000 -10 4.414238
Car -1 -1 -1.885000 695 196 752 232 -1 -1 -1 -1000 -1000 -1000 -10 3.929305
Car -1 -1 -0.628300 638 169 710 196 -1 -1 -1 -1000 -1000 -1000 -10 3.106153
Car -1 -1 0.314200 61 163 320 253 -1 -1 -1 -1000 -1000 -1000 -10 2.674154
