Car -1 -1 -1.885000 570 181 619 212 -1 -1 -1 -1000 -1000 -1000 -10 44.455128
Car -1 -1 1.885000 100 177 268 279 -1 -1 -1 -1000 -1000 -1000 -10 32.517845
Car -1 -1 -1.256600 432 187 509 235 -1 -1 -1 -1000 -1000 -1000 -10 27.997456
Car -1 -1 -2.513300 457 183 545 216 -1 -1 -1 -1000 -1000 -1000 -10 23.397430
Car -1 -1 -1.256600 313 193 445 276 -1 -1 -1 -1000 -1000 -1000 -10 11.841981
Car -1 -1 0.628300 239 170 382 221 -1 -1 -1 -1000 -1000 -1000 -10 7.100527
Car -1 -1 -1.256600 486 193 524 217 -1 -1 -1 -1000 -1000 -1000 -10 6.877836
Car -1 -1 2.199100 292 197 346 221 -1 -1 -1 -1000 -1000 -1000 -10 5.748252
Car -1 -1 1.885000 282 205 323 230 -1 -1 -1 -1000 -1000 -1000 -10 3.591259
Car -1 -1 -1.256600 510 185 548 209 -1 -1 -1 -1000 -1000 -1000 -10 1.859079
Car -1 -1 2.513300 153 188 512 315 -1 -1 -1 -1000 -1000 -1000 -10 1.524654
