Car -1 -1 -1.885000 812 163 850 187 -1 -1 -1 -1000 -1000 -1000 -10 20.415747
Car -1 -1 1.256600 776 159 824 188 -1 -1 -1 -1000 -1000 -1000 -10 17.278481
Car -1 -1 -2.199100 844 163 897 187 -1 -1 -1 -1000 -1000 -1000 -10 11.649973
Car -1 -1 0.628300 163 169 264 205 -1 -1 -1 -1000 -1000 -1000 -10 11.384615
Car -1 -1 -0.314200 665 167 738 194 -1 -1 -1 -1000 -1000 -1000 -10 10.458092
Car -1 -1 -2.199100 1176 163 1229 187 -1 -1 -1 -1000 -1000 -1000 -10 9.206037
Car -1 -1 0.942500 984 156 1049 185 -1 -1 -1 -1000 -1000 -1000 -10 8.507884
Car -1 -1 -2.513300 1051 159 1115 183 -1 -1 -1 -1000 -1000 -1000 -10 7.411717
Car -1 -1 1.885000 152 176 200 205 -1 -1 -1 -1000 -1000 -1000 -10 1.913134
Car -1 -1 -0.314200 1138 163 1203 187 -1 -1 -1 -1000 -1000 -1000 -10 1.480150
