Car -1 -1 1.885000 195 186 292 245 -1 -1 -1 -1000 -1000 -1000 -10 40.716980
Car -1 -1 -2.199100 698 170 795 214 -1 -1 -1 -1000 -1000 -1000 -10 38.051735
Car -1 -1 1.885000 468 175 507 199 -1 -1 -1 -1000 -1000 -1000 -10 30.228889
Car -1 -1 1.885000 833 161 1128 340 -1 -1 -1 -1000 -1000 -1000 -10 24.361055
Car -1 -1 -1.570800 577 175 714 293 -1 -1 -1 -1000 -1000 -1000 -10 21.988438
Car -1 -1 -1.256600 417 173 466 204 -1 -1 -1 -1000 -1000 -1000 -10 21.808260
Car -1 -1 1.885000 284 178 335 209 -1 -1 -1 -1000 -1000 -1000 -10 17.243698
Car -1 -1 -0.314200 370 181 454 212 -1 -1 -1 -1000 -1000 -1000 -10 13.592689
Car -1 -1 -2.827400 654 174 727 201 -1 -1 -1 -1000 -1000 -1000 -10 8.577821
Car -1 -1 -1.256600 44 178 188 268 -1 -1 -1 -1000 -1000 -1000 -10 8.164286
Car -1 -1 2.199100 243 174 357 225 -1 -1 -1 -1000 -1000 -1000 -10 0.728311
