Car -1 -1 -2.827400 128 174 247 218 -1 -1 -1 -1000 -1000 -1000 -10 25.191744
Car -1 -1 2.513300 73 186 166 219 -1 -1 -1 -1000 -1000 -1000 -10 20.185768
Car -1 -1 0.942500 388 175 444 200 -1 -1 -1 -1000 -1000 -1000 -10 10.530545
Car -1 -1 2.827400 249 173 321 198 -1 -1 -1 -1000 -1000 -1000 -10 9.827492
Car -1 -1 -0.314200 999 162 1072 189 -1 -1 -1 -1000 -1000 -1000 -10 5.471439
Car -1 -1 -0.942500 1158 167 1211 191 -1 -1 -1 -1000 -1000 -1000 -10 5.063005
Car -1 -1 -2.827400 864 165 929 189 -1 -1 -1 -1000 -1000 -1000 -10 3.192164
Car -1 -1 -0.942500 348 175 403 200 -1 -1 -1 -1000 -1000 -1000 -10 3.049873
Car -1 -1 -2.513300 1187 167 1251 191 -1 -1 -1 -1000 -1000 -1000 -10 2.979468
Car -1 -1 -3.141600 820 170 886 195 -1 -1 -1 -1000 -1000 -1000 -10 2.806623
