Car -1 -1 1.885000 316 174 388 218 -1 -1 -1 -1000 -1000 -1000 -10 31.519478
Car -1 -1 0.314200 544 174 691 225 -1 -1 -1 -1000 -1000 -1000 -10 25.942768
Car -1 -1 -1.256600 370 177 423 210 -1 -1 -1 -1000 -1000 -1000 -10 16.634808
Car -1 -1 -1.570800 421 179 450 204 -1 -1 -1 -1000 -1000 -1000 -10 9.778635
Car -1 -1 0.314200 716 167 1107 303 -1 -1 -1 -1000 -1000 -1000 -10 9.346349
Car -1 -1 -1.570800 588 166 643 213 -1 -1 -1 -1000 -1000 -1000 -10 6.953184
Car -1 -1 -2.199100 668 159 765 203 -1 -1 -1 -1000 -1000 -1000 -10 3.102694
Car -1 -1 -2.513300 459 166 555 202 -1 -1 -1 -1000 -1000 -1000 -10 2.607489
Car -1 -1 2.827400 394 176 483 207 -1 -1 -1 -1000 -1000 -1000 -10 1.479740
Car -1 -1 -1.570800 683 168 712 193 -1 -1 -1 -1000 -1000 -1000 -10 0.999310
