Car -1 -1 -2.199100 361 186 491 245 -1 -1 -1 -1000 -1000 -1000 -10 33.533203
Car -1 -1 -0.314200 795 150 922 197 -1 -1 -1 -1000 -1000 -1000 -10 32.196953
Car -1 -1 -1.570800 595 177 623 201 -1 -1 -1 -1000 -1000 -1000 -10 30.785818
Car -1 -1 -3.141600 815 155 1126 273 -1 -1 -1 -1000 -1000 -1000 -10 23.238447
Car -1 -1 0.314200 423 172 604 235 -1 -1 -1 -1000 -1000 -1000 -10 19.788822
Car -1 -1 -0.628300 624 171 712 204 -1 -1 -1 -1000 -1000 -1000 -10 18.889833
Car -1 -1 1.570800 485 178 539 222 -1 -1 -1 -1000 -1000 -1000 -10 7.215425
Car -1 -1 2.513300 577 171 645 195 -1 -1 -1 -1000 -1000 -1000 -10 5.415026
Car -1 -1 -1.256600 1130 144 1200 188 -1 -1 -1 -1000 -1000 -1000 -10 2.214390
Car -1 -1 1.570800 645 175 676 200 -1 -1 -1 -1000 -1000 -1000 -10 0.593491
