Car -1 -1 -2.827400 705 168 789 199 -1 -1 -1 -1000 -1000 -1000 -10 40.782295
Car -1 -1 -1.570800 458 173 494 204 -1 -1 -1 -1000 -1000 -1000 -10 28.237167
Car -1 -1 -1.570800 784 175 921 293 -1 -1 -1 -1000 -1000 -1000 -10 27.566299
Car -1 -1 2.827400 641 158 713 183 -1 -1 -1 -1000 -1000 -1000 -10 24.629932
Car -1 -1 1.256600 623 160 664 185 -1 -1 -1 -1000 -1000 -1000 -10 14.035669
Car -1 -1 2.827400 517 166 589 191 -1 -1 -1 -1000 -1000 -1000 -10 13.822922
Car -1 -1 -2.513300 349 163 466 207 -1 -1 -1 -1000 -1000 -1000 -10 9.369060
Car -1 -1 -0.314200 831 166 990 225 -1 -1 -1 -1000 -1000 -1000 -10 9.356778
Car -1 -1 0.314200 417 171 526 209 -1 -1 -1 -1000 -1000 -1000 -10 7.487290
Car -1 -1 1.570800 593 159 644 200 -1 -1 -1 -1000 -1000 -1000 -10 3.371164
