Car -1 -1 -1.256600 372 192 460 247 -1 -1 -1 -1000 -1000 -1000 -10 43.634125
Car -1 -1 -3.141600 165 197 415 292 -1 -1 -1 -1000 -1000 -1000 -10 37.048271
Car -1 -1 2.827400 455 184 544 215 -1 -1 -1 -1000 -1000 -1000 -10 13.726686
Car -1 -1 -1.885000 640 177 678 201 -1 -1 -1 -1000 -1000 -1000 -10 13.696478
Car -1 -1 1.885000 510 179 549 203 -1 -1 -1 -1000 -1000 -1000 -10 11.380162
Car -1 -1 2.199100 -34 213 271 349 -1 -1 -1 -1000 -1000 -1000 -10 6.097736
Car -1 -1 -1.570800 664 180 702 213 -1 -1 -1 -1000 -1000 -1000 -10 5.573399
Car -1 -1 -1.570800 272 199 345 262 -1 -1 -1 -1000 -1000 -1000 -10 5.389393
Car -1 -1 -0.314200 678 173 873 245 -1 -1 -1 -1000 -1000 -1000 -10 2.086878
Car -1 -1 1.885000 964 141 1120 236 -1 -1 -1 -1000 -1000 -1000 -10 1.690897
