Car -1 -1 -1.570800 573 174 611 207 -1 -1 -1 -1000 -1000 -1000 -10 41.153744
Car -1 -1 -1.256600 428 183 505 231 -1 -1 -1 -1000 -1000 -1000 -10 39.080559
Car -1 -1 0.314200 261 186 483 263 -1 -1 -1 -1000 -1000 -1000 -10 25.495583
Car -1 -1 0.628300 535 171 644 210 -1 -1 -1 -1000 -1000 -1000 -10 21.728657
Car -1 -1 -1.570800 435 171 480 210 -1 -1 -1 -1000 -1000 -1000 -10 8.133242
Car -1 -1 -1.256600 27 171 201 280 -1 -1 -1 -1000 -1000 -1000 -10 8.074205
Car -1 -1 -2.199100 177 178 274 222 -1 -1 -1 -1000 -1000 -1000 -10 5.268277
Car -1 -1 2.827400 242 199 319 226 -1 -1 -1 -1000 -1000 -1000 -10 3.172674
Car -1 -1 0.628300 366 168 554 235 -1 -1 -1 -1000 -1000 -1000 -10 3.056561
Car -1 -1 0.942500 133 184 214 220 -1 -1 -1 -1000 -1000 -1000 -10 2.554660
