Car -1 -1 -2.513300 461 186 538 215 -1 -1 -1 -1000 -1000 -1000 -10 41.210396
Car -1 -1 -2.827400 322 190 425 228 -1 -1 -1 -1000 -1000 -1000 -10 36.922459
Car -1 -1 -0.628300 710 172 877 235 -1 -1 -1 -1000 -1000 -1000 -10 29.386171
Car -1 -1 -1.256600 575 185 707 268 -1 -1 -1 -1000 -1000 -1000 -10 27.234112
Car -1 -1 -2.827400 365 181 462 217 -1 -1 -1 -1000 -1000 -1000 -10 24.682878
Car -1 -1 -2.513300 185 185 302 229 -1 -1 -1 -1000 -1000 -1000 -10 17.616978
Car -1 -1 -1.885000 543 179 583 204 -1 -1 -1 -1000 -1000 -1000 -10 15.717488
Car -1 -1 2.199100 -29 204 236 322 -1 -1 -1 -1000 -1000 -1000 -10 11.163580
Car -1 -1 2.513300 643 181 725 210 -1 -1 -1 -1000 -1000 -1000 -10 10.815376
Car -1 -1 -1.256600 378 199 416 223 -1 -1 -1 -1000 -1000 -1000 -10 9.266821
Car -1 -1 1.885000 211 199 255 226 -1 -1 -1 -1000 -1000 -1000 -10 3.984346
