Car -1 -1 1.885000 226 199 363 282 -1 -1 -1 -1000 -1000 -1000 -10 32.756935
Car -1 -1 1.885000 341 188 445 251 -1 -1 -1 -1000 -1000 -1000 -10 24.590260
Car -1 -1 1.885000 499 181 540 206 -1 -1 -1 -1000 -1000 -1000 -10 23.754301
Car -1 -1 -1.885000 645 177 698 210 -1 -1 -1 -1000 -1000 -1000 -10 20.653446
Car -1 -1 1.570800 686 182 744 229 -1 -1 -1 -1000 -1000 -1000 -10 20.410677
Car -1 -1 1.885000 717 178 865 268 -1 -1 -1 -1000 -1000 -1000 -10 19.371773
Car -1 -1 -3.141600 635 176 790 235 -1 -1 -1 -1000 -1000 -1000 -10 12.896047
Car -1 -1 -2.199100 753 176 1147 355 -1 -1 -1 -1000 -1000 -1000 -10 12.637584
Car -1 -1 -2.827400 417 187 520 225 -1 -1 -1 -1000 -1000 -1000 -10 9.768786
Car -1 -1 1.885000 560 175 599 199 -1 -1 -1 -1000 -1000 -1000 -10 4.708188
Car -1 -1 0.942500 48 178 153 225 -1 -1 -1 -1000 -1000 -1000 -10 3.465414
Car -1 -1 -3.141600 113 187 445 313 -1 -1 -1 -1000 -1000 -1000 -10 1.587280
