Car -1 -1 1.570800 656 175 700 211 -1 -1 -1 -1000 -1000 -1000 -10 33.612385
Car -1 -1 -0.078500 688 178 959 281 -1 -1 -1 -1000 -1000 -1000 -10 26.995922
Car -1 -1 -1.256600 382 170 526 260 -1 -1 -1 -1000 -1000 -1000 -10 20.805866
Car -1 -1 -0.078500 659 178 825 241 -1 -1 -1 -1000 -1000 -1000 -10 14.039218
Car -1 -1 1.570800 714 214 758 250 -1 -1 -1 -1000 -1000 -1000 -10 8.097698
Car -1 -1 -0.628300 620 170 745 217 -1 -1 -1 -1000 -1000 -1000 -10 6.572856
Car -1 -1 -0.628300 597 165 669 192 -1 -1 -1 -1000 -1000 -1000 -10 6.555487
Car -1 -1 -1.256600 906 187 1211 378 -1 -1 -1 -1000 -1000 -1000 -10 5.797384
Car -1 -1 -2.513300 372 133 624 228 -1 -1 -1 -1000 -1000 -1000 -10 3.892095
Car -1 -1 2.827400 692 200 787 233 -1 -1 -1 -1000 -1000 -1000 -10 1.775694
