Car -1 -1 -3.141600 292 179 468 246 -1 -1 -1 -1000 -1000 -1000 -10 46.452408
Car -1 -1 -0.314200 477 178 555 207 -1 -1 -1 -1000 -1000 -1000 -10 31.838705
Car -1 -1 1.885000 155 179 273 251 -1 -1 -1 -1000 -1000 -1000 -10 19.664013
Car -1 -1 2.199100 548 173 698 240 -1 -1 -1 -1000 -1000 -1000 -10 18.905792
Car -1 -1 0.942500 699 178 822 233 -1 -1 -1 -1000 -1000 -1000 -10 18.288383
Car -1 -1 -1.570800 356 182 420 237 -1 -1 -1 -1000 -1000 -1000 -10 17.898390
Car -1 -1 2.513300 -45 199 189 282 -1 -1 -1 -1000 -1000 -1000 -10 9.734085
Car -1 -1 1.885000 764 199 868 262 -1 -1 -1 -1000 -1000 -1000 -10 7.052114
Car -1 -1 -1.570800 593 178 652 229 -1 -1 -1 -1000 -1000 -1000 -10 6.768030
Car -1 -1 -1.256600 841 201 929 256 -1 -1 -1 -1000 -1000 -1000 -10 6.705003
Car -1 -1 1.570800 332 200 386 244 -1 -1 -1 -1000 -1000 -1000 -10 5.860952
Car -1 -1 2.513300 708 170 962 260 -1 -1 -1 -1000 -1000 -1000 -10 2.810507
