Car -1 -1 1.570800 637 175 668 200 -1 -1 -1 -1000 -1000 -1000 -10 58.596710
Car -1 -1 -1.256600 459 176 553 235 -1 -1 -1 -1000 -1000 -1000 -10 32.539692
Car -1 -1 2.827400 605 173 694 204 -1 -1 -1 -1000 -1000 -1000 -10 20.473930
Car -1 -1 -1.570800 765 190 923 326 -1 -1 -1 -1000 -1000 -1000 -10 18.227526
Car -1 -1 1.885000 680 185 828 275 -1 -1 -1 -1000 -1000 -1000 -10 18.094292
Car -1 -1 1.885000 186 174 314 252 -1 -1 -1 -1000 -1000 -1000 -10 14.536722
Car -1 -1 -1.570800 706 219 770 274 -1 -1 -1 -1000 -1000 -1000 -10 10.200391
Car -1 -1 1.256600 568 169 607 193 -1 -1 -1 -1000 -1000 -1000 -10 6.060742
Car -1 -1 -1.256600 286 174 410 252 -1 -1 -1 -1000 -1000 -1000 -10 5.350492
Car -1 -1 1.885000 516 181 579 219 -1 -1 -1 -1000 -1000 -1000 -10 2.446951
Car -1 -1 0.314200 592 171 1142 362 -1 -1 -1 -1000 -1000 -1000 -10 1.312995
